Date,Count,Cumulative,1761038
10/15/2007,352,352,
10/16/2007,229,581,
10/17/2007,194,775,
10/18/2007,82,857,
10/19/2007,104,961,
10/20/2007,66,1027,
10/21/2007,44,1071,
10/22/2007,94,1165,
10/23/2007,114,1279,
10/24/2007,92,1371,
10/25/2007,96,1467,
10/26/2007,110,1577,
10/27/2007,88,1665,
10/28/2007,32,1697,
10/29/2007,82,1779,
10/30/2007,170,1949,
10/31/2007,69,2018,
11/1/2007,86,2104,
11/2/2007,20427,22531,
11/3/2007,36,22567,
11/4/2007,196,22763,
11/5/2007,108,22871,
11/6/2007,22570,45441,
11/7/2007,22213,67654,
11/8/2007,12072,79726,
11/9/2007,216,79942,
11/10/2007,54,79996,
11/11/2007,36,80032,
11/12/2007,64,80096,
11/13/2007,71,80167,
11/14/2007,98,80265,
11/15/2007,74,80339,
11/16/2007,60,80399,
11/17/2007,52,80451,
11/18/2007,54,80505,
11/19/2007,92,80597,
11/20/2007,161,80758,
11/21/2007,92,80850,
11/22/2007,66,80916,
11/23/2007,70,80986,
11/24/2007,52,81038,
11/25/2007,62,81100,
11/26/2007,96,81196,
11/27/2007,92,81288,
11/28/2007,118,81406,
11/29/2007,88,81494,
11/30/2007,76,81570,
12/1/2007,48,81618,
12/2/2007,74,81692,
12/3/2007,74,81766,
12/4/2007,108,81874,
12/5/2007,104,81978,
12/6/2007,144,82122,
12/7/2007,106,82228,
12/8/2007,34,82262,
12/9/2007,44,82306,
12/10/2007,84,82390,
12/11/2007,62,82452,
12/12/2007,78,82530,
12/13/2007,122,82652,
12/14/2007,62,82714,
12/15/2007,170,82884,
12/16/2007,44,82928,
12/17/2007,44,82972,
12/18/2007,64,83036,
12/19/2007,60,83096,
12/20/2007,54,83150,
12/21/2007,78,83228,
12/22/2007,40,83268,
12/23/2007,52,83320,
12/24/2007,54,83374,
12/25/2007,32,83406,
12/26/2007,62,83468,
12/27/2007,371,83839,
12/28/2007,112,83951,
12/29/2007,64,84015,
12/30/2007,24,84039,
12/31/2007,36,84075,
1/1/2008,1209,85284,
1/2/2008,85,85369,
1/3/2008,112,85481,
1/4/2008,378,85859,
1/5/2008,44,85903,
1/6/2008,41,85944,
1/7/2008,58,86002,
1/8/2008,64,86066,
1/9/2008,118,86184,
1/10/2008,50,86234,
1/11/2008,94,86328,
1/12/2008,29,86357,
1/13/2008,37,86394,
1/14/2008,84,86478,
1/15/2008,100,86578,
1/16/2008,168,86746,
1/17/2008,90,86836,
1/18/2008,54,86890,
1/19/2008,49,86939,
1/20/2008,50,86989,
1/21/2008,144,87133,
1/22/2008,47,87180,
1/23/2008,46,87226,
1/24/2008,56,87282,
1/25/2008,82,87364,
1/26/2008,32,87396,
1/27/2008,72,87468,
1/28/2008,52,87520,
1/29/2008,40,87560,
1/30/2008,42,87602,
1/31/2008,38,87640,
2/1/2008,62,87702,
2/2/2008,70,87772,
2/3/2008,34,87806,
2/4/2008,38,87844,
2/5/2008,100,87944,
2/6/2008,36,87980,
2/7/2008,52,88032,
2/8/2008,30,88062,
2/9/2008,32,88094,
2/10/2008,20,88114,
2/11/2008,36,88150,
2/12/2008,26,88176,
2/13/2008,36,88212,
2/14/2008,36,88248,
2/15/2008,30,88278,
2/16/2008,26,88304,
2/17/2008,52,88356,
2/18/2008,42,88398,
2/19/2008,58,88456,
2/20/2008,74,88530,
2/21/2008,40,88570,
2/22/2008,26,88596,
2/23/2008,26,88622,
2/24/2008,36,88658,
2/25/2008,36,88694,
2/26/2008,48,88742,
2/27/2008,36,88778,
2/28/2008,76,88854,
2/29/2008,28,88882,
3/1/2008,23,88905,
3/2/2008,24,88929,
3/3/2008,16,88945,
3/4/2008,30,88975,
3/5/2008,20,88995,
3/6/2008,62,89057,
3/7/2008,18,89075,
3/8/2008,22,89097,
3/9/2008,24,89121,
3/10/2008,24,89145,
3/11/2008,42,89187,
3/12/2008,50,89237,
3/13/2008,68,89305,
3/14/2008,44,89349,
3/15/2008,12,89361,
3/16/2008,30,89391,
3/17/2008,20,89411,
3/18/2008,26,89437,
3/19/2008,34,89471,
3/20/2008,20,89491,
3/21/2008,26,89517,
3/22/2008,28,89545,
3/23/2008,12,89557,
3/24/2008,24,89581,
3/25/2008,28,89609,
3/26/2008,30,89639,
3/27/2008,46,89685,
3/28/2008,38,89723,
3/29/2008,26,89749,
3/30/2008,28,89777,
3/31/2008,30,89807,
4/1/2008,30,89837,
4/2/2008,36,89873,
4/3/2008,36,89909,
4/4/2008,20,89929,
4/5/2008,22,89951,
4/6/2008,22,89973,
4/7/2008,32,90005,
4/8/2008,34,90039,
4/9/2008,30,90069,
4/10/2008,36,90105,
4/11/2008,34,90139,
4/12/2008,24,90163,
4/13/2008,32,90195,
4/14/2008,26,90221,
4/15/2008,34,90255,
4/16/2008,20,90275,
4/17/2008,22,90297,
4/18/2008,50,90347,
4/19/2008,40,90387,
4/20/2008,18,90405,
4/21/2008,42,90447,
4/22/2008,22,90469,
4/23/2008,32,90501,
4/24/2008,40,90541,
4/25/2008,28,90569,
4/26/2008,16,90585,
4/27/2008,20,90605,
4/28/2008,18,90623,
4/29/2008,28,90651,
4/30/2008,36,90687,
5/1/2008,10,90697,
5/2/2008,26,90723,
5/3/2008,32,90755,
5/4/2008,20,90775,
5/5/2008,28,90803,
5/6/2008,24,90827,
5/7/2008,18,90845,
5/8/2008,20,90865,
5/9/2008,24,90889,
5/10/2008,18,90907,
5/11/2008,18,90925,
5/12/2008,28,90953,
5/13/2008,48,91001,
5/14/2008,30,91031,
5/15/2008,30,91061,
5/16/2008,28,91089,
5/17/2008,30,91119,
5/18/2008,12,91131,
5/19/2008,26,91157,
5/20/2008,24,91181,
5/21/2008,32,91213,
5/22/2008,30,91243,
5/23/2008,12,91255,
5/24/2008,20,91275,
5/25/2008,18,91293,
5/26/2008,14,91307,
5/27/2008,86,91393,
5/28/2008,54,91447,
5/29/2008,56,91503,
5/30/2008,60,91563,
5/31/2008,32,91595,
6/1/2008,32,91627,
6/2/2008,68,91695,
6/3/2008,50,91745,
6/4/2008,56,91801,
6/5/2008,10,91811,
6/6/2008,22,91833,
6/7/2008,26,91859,
6/8/2008,18,91877,
6/9/2008,28,91905,
6/10/2008,126,92031,
6/11/2008,138,92169,
6/12/2008,34,92203,
6/13/2008,34,92237,
6/14/2008,20,92257,
6/15/2008,18,92275,
6/16/2008,32,92307,
6/17/2008,18,92325,
6/18/2008,46,92371,
6/19/2008,26,92397,
6/20/2008,16,92413,
6/21/2008,16,92429,
6/22/2008,26,92455,
6/23/2008,34,92489,
6/24/2008,36,92525,
6/25/2008,24,92549,
6/26/2008,20,92569,
6/27/2008,34,92603,
6/28/2008,22,92625,
6/29/2008,26,92651,
6/30/2008,22,92673,
7/1/2008,24,92697,
7/2/2008,20,92717,
7/3/2008,30,92747,
7/4/2008,128,92875,
7/5/2008,50,92925,
7/6/2008,20,92945,
7/7/2008,22,92967,
7/8/2008,20,92987,
7/9/2008,30,93017,
7/10/2008,38,93055,
7/11/2008,10,93065,
7/12/2008,26,93091,
7/13/2008,26,93117,
7/14/2008,28,93145,
7/15/2008,30,93175,
7/16/2008,38,93213,
7/17/2008,34,93247,
7/18/2008,32,93279,
7/19/2008,14,93293,
7/20/2008,14,93307,
7/21/2008,26,93333,
7/22/2008,14,93347,
7/23/2008,34,93381,
7/24/2008,30,93411,
7/25/2008,28,93439,
7/26/2008,6,93445,
7/27/2008,22,93467,
7/28/2008,24,93491,
7/29/2008,14,93505,
7/30/2008,34,93539,
7/31/2008,16,93555,
8/1/2008,26,93581,
8/2/2008,24,93605,
8/3/2008,10,93615,
8/4/2008,20,93635,
8/5/2008,38,93673,
8/6/2008,22,93695,
8/7/2008,8,93703,
8/8/2008,22,93725,
8/9/2008,14,93739,
8/10/2008,20,93759,
8/11/2008,20,93779,
8/12/2008,24,93803,
8/13/2008,26,93829,
8/14/2008,30,93859,
8/15/2008,16,93875,
8/16/2008,14,93889,
8/17/2008,16,93905,
8/18/2008,38,93943,
8/19/2008,22,93965,
8/20/2008,20,93985,
8/21/2008,18,94003,
8/22/2008,22,94025,
8/23/2008,16,94041,
8/24/2008,20,94061,
8/25/2008,16,94077,
8/26/2008,20,94097,
8/27/2008,18,94115,
8/28/2008,16,94131,
8/29/2008,16,94147,
8/30/2008,18,94165,
8/31/2008,16,94181,
9/1/2008,14,94195,
9/2/2008,14,94209,
9/3/2008,24,94233,
9/4/2008,16,94249,
9/5/2008,20,94269,
9/6/2008,16,94285,
9/7/2008,8,94293,
9/8/2008,18,94311,
9/9/2008,20,94331,
9/10/2008,22,94353,
9/11/2008,8,94361,
9/12/2008,14,94375,
9/13/2008,28,94403,
9/14/2008,12,94415,
9/15/2008,8,94423,
9/16/2008,18,94441,
9/17/2008,32,94473,
9/18/2008,24,94497,
9/19/2008,26,94523,
9/20/2008,20,94543,
9/21/2008,18,94561,
9/22/2008,14,94575,
9/23/2008,20,94595,
9/24/2008,20,94615,
9/25/2008,20,94635,
9/26/2008,32,94667,
9/27/2008,18,94685,
9/28/2008,8,94693,
9/29/2008,30,94723,
9/30/2008,22,94745,
10/1/2008,24,94769,
10/2/2008,14,94783,
10/3/2008,14,94797,
10/4/2008,26,94823,
10/5/2008,18,94841,
10/6/2008,24,94865,
10/7/2008,35,94900,
10/8/2008,24,94924,
10/9/2008,23,94947,
10/10/2008,23,94970,
10/11/2008,24,94994,
10/12/2008,10,95004,
10/13/2008,38,95042,
10/14/2008,26,95068,
10/15/2008,22,95090,
10/16/2008,42,95132,
10/17/2008,20,95152,
10/18/2008,10,95162,
10/19/2008,11,95173,
10/20/2008,29,95202,
10/21/2008,12,95214,
10/22/2008,20,95234,
10/23/2008,18,95252,
10/24/2008,9,95261,
10/25/2008,6,95267,
10/26/2008,11,95278,
10/27/2008,8,95286,
10/28/2008,9,95295,
10/29/2008,8,95303,
10/30/2008,10,95313,
10/31/2008,10,95323,
11/1/2008,14,95337,
11/2/2008,20,95357,
11/3/2008,22,95379,
11/4/2008,14,95393,
11/5/2008,24,95417,
11/6/2008,31,95448,
11/7/2008,16,95464,
11/8/2008,17,95481,
11/9/2008,14,95495,
11/10/2008,20,95515,
11/11/2008,20,95535,
11/12/2008,25,95560,
11/13/2008,21,95581,
11/14/2008,20,95601,
11/15/2008,20,95621,
11/16/2008,22,95643,
11/17/2008,22,95665,
11/18/2008,37,95702,
11/19/2008,30,95732,
11/20/2008,21,95753,
11/21/2008,18,95771,
11/22/2008,36,95807,
11/23/2008,14,95821,
11/24/2008,24,95845,
11/25/2008,24,95869,
11/26/2008,26,95895,
11/27/2008,17,95912,
11/28/2008,20,95932,
11/29/2008,20,95952,
11/30/2008,12,95964,
12/1/2008,12,95976,
12/2/2008,22,95998,
12/3/2008,36,96034,
12/4/2008,43,96077,
12/5/2008,26,96103,
12/6/2008,9,96112,
12/7/2008,9,96121,
12/8/2008,8,96129,
12/9/2008,15,96144,
12/10/2008,3,96147,
12/11/2008,9,96156,
12/12/2008,18,96174,
12/13/2008,15,96189,
12/14/2008,8,96197,
12/15/2008,9,96206,
12/16/2008,7,96213,
12/17/2008,14,96227,
12/18/2008,17,96244,
12/19/2008,10,96254,
12/20/2008,16,96270,
12/21/2008,18,96288,
12/22/2008,18,96306,
12/23/2008,36,96342,
12/24/2008,23,96365,
12/25/2008,14,96379,
12/26/2008,24,96403,
12/27/2008,16,96419,
12/28/2008,12,96431,
12/29/2008,24,96455,
12/30/2008,40,96495,
12/31/2008,22,96517,
1/1/2009,22,96539,
1/2/2009,28,96567,
1/3/2009,19,96586,
1/4/2009,23,96609,
1/5/2009,7,96616,
1/6/2009,19,96635,
1/7/2009,16,96651,
1/8/2009,11,96662,
1/9/2009,5,96667,
1/10/2009,11,96678,
1/11/2009,7,96685,
1/12/2009,11,96696,
1/13/2009,4,96700,
1/14/2009,19,96719,
1/15/2009,10,96729,
1/16/2009,11,96740,
1/17/2009,9,96749,
1/18/2009,10,96759,
1/19/2009,5,96764,
1/20/2009,18,96782,
1/21/2009,9,96791,
1/22/2009,20,96811,
1/23/2009,12,96823,
1/24/2009,15,96838,
1/25/2009,8,96846,
1/26/2009,13,96859,
1/27/2009,13,96872,
1/28/2009,17,96889,
1/29/2009,16,96905,
1/30/2009,17,96922,
1/31/2009,8,96930,
2/1/2009,12,96942,
2/2/2009,5,96947,
2/3/2009,18,96965,
2/4/2009,28,96993,
2/5/2009,20,97013,
2/6/2009,19,97032,
2/7/2009,7,97039,
2/8/2009,5,97044,
2/9/2009,14,97058,
2/10/2009,10,97068,
2/11/2009,13,97081,
2/12/2009,17,97098,
2/13/2009,9,97107,
2/14/2009,11,97118,
2/15/2009,12,97130,
2/16/2009,11,97141,
2/17/2009,13,97154,
2/18/2009,17,97171,
2/19/2009,11,97182,
2/20/2009,11,97193,
2/21/2009,11,97204,
2/22/2009,6,97210,
2/23/2009,12,97222,
2/24/2009,6,97228,
2/25/2009,17,97245,
2/26/2009,9,97254,
2/27/2009,5,97259,
2/28/2009,12,97271,
3/1/2009,12,97283,
3/2/2009,20,97303,
3/3/2009,32,97335,
3/4/2009,17,97352,
3/5/2009,20,97372,
3/6/2009,24,97396,
3/7/2009,10,97406,
3/8/2009,15,97421,
3/9/2009,32,97453,
3/10/2009,16,97469,
3/11/2009,4,97473,
3/12/2009,9,97482,
3/13/2009,21,97503,
3/14/2009,7,97510,
3/15/2009,7,97517,
3/16/2009,11,97528,
3/17/2009,5,97533,
3/18/2009,12,97545,
3/19/2009,16,97561,
3/20/2009,9,97570,
3/21/2009,7,97577,
3/22/2009,5,97582,
3/23/2009,9,97591,
3/24/2009,11,97602,
3/25/2009,21,97623,
3/26/2009,10,97633,
3/27/2009,12,97645,
3/28/2009,9,97654,
3/29/2009,10,97664,
3/30/2009,5,97669,
3/31/2009,4,97673,
4/1/2009,7,97680,
4/2/2009,15,97695,
4/3/2009,2,97697,
4/4/2009,12,97709,
4/5/2009,2,97711,
4/6/2009,18,97729,
4/7/2009,11,97740,
4/8/2009,13,97753,
4/9/2009,10,97763,
4/10/2009,5,97768,
4/11/2009,8,97776,
4/12/2009,6,97782,
4/13/2009,13,97795,
4/14/2009,7,97802,
4/15/2009,7,97809,
4/16/2009,9,97818,
4/17/2009,18,97836,
4/18/2009,6,97842,
4/19/2009,9,97851,
4/20/2009,14,97865,
4/21/2009,11,97876,
4/22/2009,5,97881,
4/23/2009,16,97897,
4/24/2009,16,97913,
4/25/2009,11,97924,
4/26/2009,4,97928,
4/27/2009,23,97951,
4/28/2009,28,97979,
4/29/2009,12,97991,
4/30/2009,5,97996,
5/1/2009,9,98005,
5/2/2009,13,98018,
5/3/2009,4,98022,
5/4/2009,8,98030,
5/5/2009,10,98040,
5/6/2009,8,98048,
5/7/2009,5,98053,
5/8/2009,18,98071,
5/9/2009,11,98082,
5/10/2009,7,98089,
5/11/2009,7,98096,
5/12/2009,12,98108,
5/13/2009,13,98121,
5/14/2009,11,98132,
5/15/2009,8,98140,
5/16/2009,6,98146,
5/17/2009,3,98149,
5/18/2009,7,98156,
5/19/2009,11,98167,
5/20/2009,12,98179,
5/21/2009,11,98190,
5/22/2009,9,98199,
5/23/2009,4,98203,
5/24/2009,4,98207,
5/25/2009,9,98216,
5/26/2009,7,98223,
5/27/2009,14,98237,
5/28/2009,6,98243,
5/29/2009,13,98256,
5/30/2009,13,98269,
5/31/2009,6,98275,
6/1/2009,7,98282,
6/2/2009,7,98289,
6/3/2009,12,98301,
6/4/2009,4,98305,
6/5/2009,30,98335,
6/6/2009,45,98380,
6/7/2009,4,98384,
6/8/2009,9,98393,
6/9/2009,8,98401,
6/10/2009,4,98405,
6/11/2009,5,98410,
6/12/2009,6,98416,
6/13/2009,5,98421,
6/14/2009,3,98424,
6/15/2009,6,98430,
6/16/2009,13,98443,
6/17/2009,6,98449,
6/18/2009,5,98454,
6/19/2009,11,98465,
6/20/2009,8,98473,
6/21/2009,9,98482,
6/22/2009,7,98489,
6/23/2009,5,98494,
6/24/2009,8,98502,
6/25/2009,18,98520,
6/26/2009,10,98530,
6/27/2009,7,98537,
6/28/2009,8,98545,
6/29/2009,21,98566,
6/30/2009,33,98599,
7/1/2009,7,98606,
7/2/2009,14,98620,
7/3/2009,9,98629,
7/4/2009,12,98641,
7/5/2009,3,98644,
7/6/2009,8,98652,
7/7/2009,4,98656,
7/8/2009,99,98755,
7/9/2009,54,98809,
7/10/2009,32,98841,
7/11/2009,15,98856,
7/12/2009,5,98861,
7/13/2009,15,98876,
7/14/2009,22,98898,
7/15/2009,31,98929,
7/16/2009,9,98938,
7/17/2009,10,98948,
7/18/2009,11,98959,
7/19/2009,5,98964,
7/20/2009,3,98967,
7/21/2009,9,98976,
7/22/2009,12,98988,
7/23/2009,12,99000,
7/24/2009,12,99012,
7/25/2009,14,99026,
7/26/2009,6,99032,
7/27/2009,9,99041,
7/28/2009,10,99051,
7/29/2009,7,99058,
7/30/2009,10,99068,
7/31/2009,10,99078,
8/1/2009,6,99084,
8/2/2009,6,99090,
8/3/2009,10,99100,
8/4/2009,13,99113,
8/5/2009,163,99276,
8/6/2009,5,99281,
8/7/2009,11,99292,
8/8/2009,30,99322,
8/9/2009,4,99326,
8/10/2009,8,99334,
8/11/2009,14,99348,
8/12/2009,10,99358,
8/13/2009,11,99369,
8/14/2009,14,99383,
8/15/2009,8,99391,
8/16/2009,11,99402,
8/17/2009,8,99410,
8/18/2009,8,99418,
8/19/2009,13,99431,
8/20/2009,3,99434,
8/21/2009,7,99441,
8/22/2009,9,99450,
8/23/2009,4,99454,
8/24/2009,6,99460,
8/25/2009,10,99470,
8/26/2009,8,99478,
8/27/2009,11,99489,
8/28/2009,12,99501,
8/29/2009,9,99510,
8/30/2009,3,99513,
8/31/2009,8,99521,
9/1/2009,8,99529,
9/2/2009,10,99539,
9/3/2009,5,99544,
9/4/2009,11,99555,
9/5/2009,4,99559,
9/6/2009,9,99568,
9/7/2009,1,99569,
9/8/2009,5,99574,
9/9/2009,5,99579,
9/10/2009,9,99588,
9/11/2009,9,99597,
9/12/2009,5,99602,
9/13/2009,5,99607,
9/14/2009,15,99622,
9/15/2009,3,99625,
9/16/2009,5,99630,
9/17/2009,7,99637,
9/18/2009,8,99645,
9/19/2009,3,99648,
9/20/2009,9,99657,
9/21/2009,4,99661,
9/22/2009,5,99666,
9/23/2009,9,99675,
9/24/2009,6,99681,
9/25/2009,7,99688,
9/26/2009,5,99693,
9/27/2009,5,99698,
9/28/2009,10,99708,
9/29/2009,16,99724,
9/30/2009,2,99726,
10/1/2009,15,99741,
10/2/2009,11,99752,
10/3/2009,8,99760,
10/4/2009,6,99766,
10/5/2009,9,99775,
10/6/2009,6,99781,
10/7/2009,21,99802,
10/8/2009,12,99814,
10/9/2009,10,99824,
10/10/2009,11,99835,
10/11/2009,8,99843,
10/12/2009,7,99850,
10/13/2009,16,99866,
10/14/2009,22,99888,
10/15/2009,16,99904,
10/16/2009,10,99914,
10/17/2009,7,99921,
10/18/2009,13,99934,
10/19/2009,14,99948,
10/20/2009,19,99967,
10/21/2009,22,99989,
10/22/2009,8,99997,
10/23/2009,15,100012,
10/24/2009,12,100024,
10/25/2009,10,100034,
10/26/2009,17,100051,
10/27/2009,20,100071,
10/28/2009,13,100084,
10/29/2009,12,100096,
10/30/2009,16,100112,
10/31/2009,7,100119,
11/1/2009,13,100132,
11/2/2009,9,100141,
11/3/2009,15,100156,
11/4/2009,9,100165,
11/5/2009,9,100174,
11/6/2009,9,100183,
11/7/2009,13,100196,
11/8/2009,7,100203,
11/9/2009,12,100215,
11/10/2009,6,100221,
11/11/2009,8,100229,
11/12/2009,10,100239,
11/13/2009,9,100248,
11/14/2009,8,100256,
11/15/2009,13,100269,
11/16/2009,14,100283,
11/17/2009,9,100292,
11/18/2009,12,100304,
11/19/2009,13,100317,
11/20/2009,11,100328,
11/21/2009,6,100334,
11/22/2009,10,100344,
11/23/2009,20,100364,
11/24/2009,21,100385,
11/25/2009,7,100392,
11/26/2009,18,100410,
11/27/2009,8,100418,
11/28/2009,11,100429,
11/29/2009,8,100437,
11/30/2009,8,100445,
12/1/2009,9,100454,
12/2/2009,7,100461,
12/3/2009,8,100469,
12/4/2009,13,100482,
12/5/2009,3,100485,
12/6/2009,9,100494,
12/7/2009,24,100518,
12/8/2009,15,100533,
12/9/2009,10,100543,
12/10/2009,8,100551,
12/11/2009,11,100562,
12/12/2009,11,100573,
12/13/2009,7,100580,
12/14/2009,9,100589,
12/15/2009,4,100593,
12/16/2009,6,100599,
12/17/2009,110,100709,
12/18/2009,28,100737,
12/19/2009,12,100749,
12/20/2009,11,100760,
12/21/2009,12,100772,
12/22/2009,10,100782,
12/23/2009,19,100801,
12/24/2009,8,100809,
12/25/2009,7,100816,
12/26/2009,6,100822,
12/27/2009,7,100829,
12/28/2009,13,100842,
12/29/2009,6,100848,
12/30/2009,15,100863,
12/31/2009,2,100865,
1/1/2010,9,100874,
1/2/2010,6,100880,
1/3/2010,4,100884,
1/4/2010,9,100893,
1/5/2010,11,100904,
1/6/2010,8,100912,
1/7/2010,5,100917,
1/8/2010,11,100928,
1/9/2010,8,100936,
1/10/2010,12,100948,
1/11/2010,6,100954,
1/12/2010,9,100963,
1/13/2010,9,100972,
1/14/2010,8,100980,
1/15/2010,7,100987,
1/16/2010,10,100997,
1/17/2010,17,101014,
1/18/2010,13,101027,
1/19/2010,15,101042,
1/20/2010,19,101061,
1/21/2010,12,101073,
1/22/2010,4,101077,
1/23/2010,6,101083,
1/24/2010,12,101095,
1/25/2010,15,101110,
1/26/2010,15,101125,
1/27/2010,9,101134,
1/28/2010,12,101146,
1/29/2010,15,101161,
1/30/2010,9,101170,
1/31/2010,4,101174,
2/1/2010,34,101208,
2/2/2010,14,101222,
2/3/2010,12,101234,
2/4/2010,7,101241,
2/5/2010,7,101248,
2/6/2010,9,101257,
2/7/2010,9,101266,
2/8/2010,11,101277,
2/9/2010,12,101289,
2/10/2010,16,101305,
2/11/2010,11,101316,
2/12/2010,19,101335,
2/13/2010,3,101338,
2/14/2010,4,101342,
2/15/2010,11,101353,
2/16/2010,12,101365,
2/17/2010,9,101374,
2/18/2010,9,101383,
2/19/2010,6,101389,
2/20/2010,6,101395,
2/21/2010,5,101400,
2/22/2010,9,101409,
2/23/2010,4,101413,
2/24/2010,8,101421,
2/25/2010,11,101432,
2/26/2010,3,101435,
2/27/2010,5,101440,
2/28/2010,5,101445,
3/1/2010,6,101451,
3/2/2010,17,101468,
3/3/2010,12,101480,
3/4/2010,3,101483,
3/5/2010,6,101489,
3/6/2010,6,101495,
3/7/2010,4,101499,
3/8/2010,5,101504,
3/9/2010,7,101511,
3/10/2010,4,101515,
3/11/2010,12,101527,
3/12/2010,22,101549,
3/13/2010,10,101559,
3/14/2010,11,101570,
3/15/2010,8,101578,
3/16/2010,12,101590,
3/17/2010,14,101604,
3/18/2010,10,101614,
3/19/2010,10,101624,
3/20/2010,11,101635,
3/21/2010,5,101640,
3/22/2010,12,101652,
3/23/2010,8,101660,
3/24/2010,5,101665,
3/25/2010,6,101671,
3/26/2010,5,101676,
3/27/2010,1,101677,
3/28/2010,6,101683,
3/29/2010,8,101691,
3/30/2010,8,101699,
3/31/2010,11,101710,
4/1/2010,5,101715,
4/2/2010,4,101719,
4/3/2010,4,101723,
4/4/2010,3,101726,
4/5/2010,6,101732,
4/6/2010,9,101741,
4/7/2010,3,101744,
4/8/2010,9,101753,
4/9/2010,9,101762,
4/10/2010,5,101767,
4/11/2010,5,101772,
4/12/2010,2,101774,
4/13/2010,9,101783,
4/14/2010,3,101786,
4/15/2010,4,101790,
4/16/2010,14,101804,
4/17/2010,1,101805,
4/18/2010,4,101809,
4/19/2010,14,101823,
4/20/2010,2,101825,
4/21/2010,7,101832,
4/22/2010,6,101838,
4/23/2010,5,101843,
4/24/2010,4,101847,
4/25/2010,24,101871,
4/26/2010,9,101880,
4/27/2010,10,101890,
4/28/2010,8,101898,
4/29/2010,6,101904,
4/30/2010,9,101913,
5/1/2010,6,101919,
5/2/2010,5,101924,
5/3/2010,12,101936,
5/4/2010,3,101939,
5/5/2010,1,101940,
5/6/2010,3,101943,
5/7/2010,5,101948,
5/8/2010,3,101951,
5/9/2010,7,101958,
5/10/2010,5,101963,
5/11/2010,9,101972,
5/12/2010,3,101975,
5/13/2010,8,101983,
5/14/2010,7,101990,
5/15/2010,9,101999,
5/16/2010,8,102007,
5/17/2010,11,102018,
5/18/2010,11,102029,
5/19/2010,9,102038,
5/20/2010,7,102045,
5/21/2010,11,102056,
5/22/2010,9,102065,
5/23/2010,39,102104,
5/24/2010,11,102115,
5/25/2010,16,102131,
5/26/2010,5,102136,
5/27/2010,19,102155,
5/28/2010,17,102172,
5/29/2010,14,102186,
5/30/2010,10,102196,
5/31/2010,10,102206,
6/1/2010,4,102210,
6/2/2010,17,102227,
6/3/2010,7,102234,
6/4/2010,7,102241,
6/5/2010,13,102254,
6/6/2010,6,102260,
6/7/2010,6,102266,
6/8/2010,42,102308,
6/9/2010,15,102323,
6/10/2010,5,102328,
6/11/2010,6,102334,
6/12/2010,3,102337,
6/13/2010,4,102341,
6/14/2010,6,102347,
6/15/2010,8,102355,
6/16/2010,13,102368,
6/17/2010,20,102388,
6/18/2010,15,102403,
6/19/2010,25,102428,
6/20/2010,19,102447,
6/21/2010,12,102459,
6/22/2010,14,102473,
6/23/2010,9,102482,
6/24/2010,38,102520,
6/25/2010,4,102524,
6/26/2010,12,102536,
6/27/2010,4,102540,
6/28/2010,3,102543,
6/29/2010,6,102549,
6/30/2010,17,102566,
7/1/2010,5,102571,
7/2/2010,8,102579,
7/3/2010,8,102587,
7/4/2010,13,102600,
7/5/2010,5,102605,
7/6/2010,19,102624,
7/7/2010,26,102650,
7/8/2010,11,102661,
7/9/2010,11,102672,
7/10/2010,8,102680,
7/11/2010,7,102687,
7/12/2010,16,102703,
7/13/2010,4,102707,
7/14/2010,7,102714,
7/15/2010,17,102731,
7/16/2010,15,102746,
7/17/2010,10,102756,
7/18/2010,8,102764,
7/19/2010,8,102772,
7/20/2010,9,102781,
7/21/2010,2,102783,
7/22/2010,4,102787,
7/23/2010,0,102787,
7/24/2010,0,102787,
7/25/2010,1,102788,
7/26/2010,1,102789,
7/27/2010,0,102789,
7/28/2010,0,102789,
7/29/2010,0,102789,
7/30/2010,0,102789,
7/31/2010,0,102789,
8/1/2010,0,102789,
8/2/2010,0,102789,
8/3/2010,0,102789,
8/4/2010,0,102789,
8/5/2010,0,102789,
8/6/2010,0,102789,
8/7/2010,0,102789,
8/8/2010,0,102789,
8/9/2010,0,102789,
8/10/2010,0,102789,
8/11/2010,0,102789,
8/12/2010,0,102789,
8/13/2010,0,102789,
8/14/2010,0,102789,
8/15/2010,3,102792,
8/16/2010,0,102792,
8/17/2010,2,102794,
8/18/2010,4,102798,
8/19/2010,0,102798,
8/20/2010,0,102798,
8/21/2010,0,102798,
8/22/2010,0,102798,
8/23/2010,0,102798,
8/24/2010,0,102798,
8/25/2010,0,102798,
8/26/2010,0,102798,
8/27/2010,0,102798,
8/28/2010,2,102800,
8/29/2010,3,102803,
8/30/2010,0,102803,
8/31/2010,0,102803,
9/1/2010,0,102803,
9/2/2010,0,102803,
9/3/2010,1,102804,
9/4/2010,0,102804,
9/5/2010,0,102804,
9/6/2010,0,102804,
9/7/2010,11,102815,
9/8/2010,11,102826,
9/9/2010,2,102828,
9/10/2010,0,102828,
9/11/2010,0,102828,
9/12/2010,0,102828,
9/13/2010,0,102828,
9/14/2010,0,102828,
9/15/2010,0,102828,
9/16/2010,0,102828,
9/17/2010,0,102828,
9/18/2010,7,102835,
9/19/2010,0,102835,
9/20/2010,0,102835,
9/21/2010,0,102835,
9/22/2010,1,102836,
9/23/2010,1,102837,
9/24/2010,0,102837,
9/25/2010,1,102838,
9/26/2010,1,102839,
9/27/2010,1,102840,
9/28/2010,0,102840,
9/29/2010,0,102840,
9/30/2010,0,102840,
10/1/2010,1,102841,
10/2/2010,2,102843,
10/3/2010,0,102843,
10/4/2010,3,102846,
10/5/2010,1,102847,
10/6/2010,2,102849,
10/7/2010,0,102849,
10/8/2010,1,102850,
10/9/2010,1,102851,
10/10/2010,0,102851,
10/11/2010,4,102855,
10/12/2010,0,102855,
10/13/2010,1,102856,
10/14/2010,1,102857,
10/15/2010,0,102857,
10/16/2010,0,102857,
10/17/2010,1,102858,
10/18/2010,0,102858,
10/19/2010,1,102859,
10/20/2010,0,102859,
10/21/2010,1,102860,
10/22/2010,0,102860,
10/23/2010,1,102861,
10/24/2010,0,102861,
10/25/2010,0,102861,
10/26/2010,0,102861,
10/27/2010,0,102861,
10/28/2010,9,102870,
10/29/2010,0,102870,
10/30/2010,1,102871,
10/31/2010,0,102871,
11/1/2010,1,102872,
11/2/2010,0,102872,
11/3/2010,3,102875,
11/4/2010,0,102875,
11/5/2010,0,102875,
11/6/2010,1,102876,
11/7/2010,0,102876,
11/8/2010,4,102880,
11/9/2010,0,102880,
11/10/2010,0,102880,
11/11/2010,0,102880,
11/12/2010,1,102881,
11/13/2010,3,102884,
11/14/2010,2,102886,
11/15/2010,3,102889,
11/16/2010,7,102896,
11/17/2010,0,102896,
11/18/2010,0,102896,
11/19/2010,0,102896,
11/20/2010,0,102896,
11/21/2010,3,102899,
11/22/2010,0,102899,
11/23/2010,1,102900,
11/24/2010,1,102901,
11/25/2010,1,102902,
11/26/2010,2,102904,
11/27/2010,1,102905,
11/28/2010,1,102906,
11/29/2010,1,102907,
11/30/2010,1,102908,
12/1/2010,0,102908,
12/2/2010,0,102908,
12/3/2010,0,102908,
12/4/2010,0,102908,
12/5/2010,6,102914,
12/6/2010,2,102916,
12/7/2010,0,102916,
12/8/2010,1,102917,
12/9/2010,2,102919,
12/10/2010,1,102920,
12/11/2010,0,102920,
12/12/2010,1,102921,
12/13/2010,0,102921,
12/14/2010,1,102922,
12/15/2010,1,102923,
12/16/2010,1,102924,
12/17/2010,8,102932,
12/18/2010,0,102932,
12/19/2010,4,102936,
12/20/2010,1,102937,
12/21/2010,1,102938,
12/22/2010,2,102940,
12/23/2010,1,102941,
12/24/2010,10,102951,
12/25/2010,8,102959,
12/26/2010,4,102963,
12/27/2010,2,102965,
12/28/2010,0,102965,
12/29/2010,2,102967,
12/30/2010,0,102967,
12/31/2010,6,102973,
1/1/2011,1,102974,
1/2/2011,1,102975,
1/3/2011,110,103085,
1/4/2011,4,103089,
1/5/2011,3,103092,
1/6/2011,1,103093,
1/7/2011,2,103095,
1/8/2011,2,103097,
1/9/2011,0,103097,
1/10/2011,0,103097,
1/11/2011,3,103100,
1/12/2011,1,103101,
1/13/2011,11,103112,
1/14/2011,5,103117,
1/15/2011,3,103120,
1/16/2011,1,103121,
1/17/2011,0,103121,
1/18/2011,2,103123,
1/19/2011,1,103124,
1/20/2011,0,103124,
1/21/2011,6,103130,
1/22/2011,10,103140,
1/23/2011,43,103183,
1/24/2011,25,103208,
1/25/2011,19,103227,
1/26/2011,2,103229,
1/27/2011,2,103231,
1/28/2011,0,103231,
1/29/2011,1,103232,
1/30/2011,3,103235,
1/31/2011,0,103235,
2/1/2011,132,103367,
2/2/2011,3,103370,
2/3/2011,1,103371,
2/4/2011,14,103385,
2/5/2011,2,103387,
2/6/2011,1,103388,
2/7/2011,11,103399,
2/8/2011,4,103403,
2/9/2011,3,103406,
2/10/2011,5,103411,
2/11/2011,8,103419,
2/12/2011,5,103424,
2/13/2011,1,103425,
2/14/2011,2,103427,
2/15/2011,1,103428,
2/16/2011,1,103429,
2/17/2011,2,103431,
2/18/2011,24,103455,
2/19/2011,0,103455,
2/20/2011,1,103456,
2/21/2011,0,103456,
2/22/2011,2,103458,
2/23/2011,1,103459,
2/24/2011,0,103459,
2/25/2011,0,103459,
2/26/2011,1,103460,
2/27/2011,0,103460,
2/28/2011,1,103461,
3/1/2011,0,103461,
3/2/2011,7,103468,
3/3/2011,1,103469,
3/4/2011,2,103471,
3/5/2011,1,103472,
3/6/2011,0,103472,
3/7/2011,0,103472,
3/8/2011,0,103472,
3/9/2011,0,103472,
3/10/2011,0,103472,
3/11/2011,1,103473,
3/12/2011,2,103475,
3/13/2011,0,103475,
3/14/2011,0,103475,
3/15/2011,0,103475,
3/16/2011,0,103475,
3/17/2011,0,103475,
3/18/2011,32,103507,
3/19/2011,31,103538,
3/20/2011,13,103551,
3/21/2011,33,103584,
3/22/2011,8,103592,
3/23/2011,2,103594,
3/24/2011,1,103595,
3/25/2011,5,103600,
3/26/2011,2,103602,
3/27/2011,2,103604,
3/28/2011,3,103607,
3/29/2011,10,103617,
3/30/2011,3,103620,
3/31/2011,6,103626,
4/1/2011,11,103637,
4/2/2011,8,103645,
4/3/2011,105,103750,
4/4/2011,71,103821,
4/5/2011,79,103900,
4/6/2011,45,103945,
4/7/2011,36,103981,
4/8/2011,12,103993,
4/9/2011,7,104000,
4/10/2011,17,104017,
4/11/2011,25,104042,
4/12/2011,16,104058,
4/13/2011,38,104096,
4/14/2011,26,104122,
4/15/2011,17,104139,
4/16/2011,13,104152,
4/17/2011,9,104161,
4/18/2011,28,104189,
4/19/2011,10,104199,
4/20/2011,9,104208,
4/21/2011,4,104212,
4/22/2011,0,104212,
4/23/2011,7,104219,
4/24/2011,3,104222,
4/25/2011,20,104242,
4/26/2011,9,104251,
4/27/2011,20,104271,
4/28/2011,3,104274,
4/29/2011,10,104284,
4/30/2011,5,104289,
5/1/2011,3,104292,
5/2/2011,4,104296,
5/3/2011,8,104304,
5/4/2011,5,104309,
5/5/2011,4,104313,
5/6/2011,4,104317,
5/7/2011,3,104320,
5/8/2011,6,104326,
5/9/2011,2,104328,
5/10/2011,3,104331,
5/11/2011,17,104348,
5/12/2011,1,104349,
5/13/2011,10,104359,
5/14/2011,16,104375,
5/15/2011,2,104377,
5/16/2011,9,104386,
5/17/2011,8,104394,
5/18/2011,8,104402,
5/19/2011,15,104417,
5/20/2011,9,104426,
5/21/2011,6,104432,
5/22/2011,2,104434,
5/23/2011,9,104443,
5/24/2011,7,104450,
5/25/2011,7,104457,
5/26/2011,11,104468,
5/27/2011,5,104473,
5/28/2011,12,104485,
5/29/2011,15,104500,
5/30/2011,14,104514,
5/31/2011,33,104547,
6/1/2011,9,104556,
6/2/2011,13,104569,
6/3/2011,13,104582,
6/4/2011,13,104595,
6/5/2011,6,104601,
6/6/2011,3,104604,
6/7/2011,6,104610,
6/8/2011,10,104620,
6/9/2011,8,104628,
6/10/2011,15,104643,
6/11/2011,4,104647,
6/12/2011,1,104648,
6/13/2011,9,104657,
6/14/2011,2,104659,
6/15/2011,7,104666,
6/16/2011,4,104670,
6/17/2011,7,104677,
6/18/2011,13,104690,
6/19/2011,7,104697,
6/20/2011,26,104723,
6/21/2011,11,104734,
6/22/2011,9,104743,
6/23/2011,2,104745,
6/24/2011,2,104747,
6/25/2011,5,104752,
6/26/2011,3,104755,
6/27/2011,8,104763,
6/28/2011,7,104770,
6/29/2011,15,104785,
6/30/2011,17,104802,
7/1/2011,7,104809,
7/2/2011,5,104814,
7/3/2011,11,104825,
7/4/2011,27,104852,
7/5/2011,8,104860,
7/6/2011,26,104886,
7/7/2011,8,104894,
7/8/2011,8,104902,
7/9/2011,11,104913,
7/10/2011,9,104922,
7/11/2011,12,104934,
7/12/2011,14,104948,
7/13/2011,12,104960,
7/14/2011,12,104972,
7/15/2011,8,104980,
7/16/2011,7,104987,
7/17/2011,6,104993,
7/18/2011,11,105004,
7/19/2011,11,105015,
7/20/2011,7,105022,
7/21/2011,9,105031,
7/22/2011,9,105040,
7/23/2011,9,105049,
7/24/2011,3,105052,
7/25/2011,5,105057,
7/26/2011,4,105061,
7/27/2011,4,105065,
7/28/2011,12,105077,
7/29/2011,10,105087,
7/30/2011,3,105090,
7/31/2011,10,105100,
8/1/2011,14,105114,
8/2/2011,7,105121,
8/3/2011,4,105125,
8/4/2011,0,105125,
8/5/2011,4,105129,
8/6/2011,7,105136,
8/7/2011,7,105143,
8/8/2011,5,105148,
8/9/2011,3,105151,
8/10/2011,8,105159,
8/11/2011,8,105167,
8/12/2011,4,105171,
8/13/2011,4,105175,
8/14/2011,11,105186,
8/15/2011,17,105203,
8/16/2011,5,105208,
8/17/2011,5,105213,
8/18/2011,10,105223,
8/19/2011,9,105232,
8/20/2011,4,105236,
8/21/2011,5,105241,
8/22/2011,4,105245,
8/23/2011,1,105246,
8/24/2011,5,105251,
8/25/2011,2,105253,
8/26/2011,28,105281,
8/27/2011,20,105301,
8/28/2011,19,105320,
8/29/2011,11,105331,
8/30/2011,3,105334,
8/31/2011,4,105338,
9/1/2011,6,105344,
9/2/2011,5,105349,
9/3/2011,7,105356,
9/4/2011,9,105365,
9/5/2011,9,105374,
9/6/2011,8,105382,
9/7/2011,5,105387,
9/8/2011,6,105393,
9/9/2011,10,105403,
9/10/2011,10,105413,
9/11/2011,15,105428,
9/12/2011,5,105433,
9/13/2011,5,105438,
9/14/2011,6,105444,
9/15/2011,11,105455,
9/16/2011,6,105461,
9/17/2011,6,105467,
9/18/2011,9,105476,
9/19/2011,7,105483,
9/20/2011,12,105495,
9/21/2011,6,105501,
9/22/2011,3,105504,
9/23/2011,15,105519,
9/24/2011,8,105527,
9/25/2011,7,105534,
9/26/2011,14,105548,
9/27/2011,8,105556,
9/28/2011,5,105561,
9/29/2011,9,105570,
9/30/2011,6,105576,
10/1/2011,8,105584,
10/2/2011,5,105589,
10/3/2011,7,105596,
10/4/2011,9,105605,
10/5/2011,5,105610,
10/6/2011,7,105617,
10/7/2011,8,105625,
10/8/2011,6,105631,
10/9/2011,1,105632,
10/10/2011,14,105646,
10/11/2011,5,105651,
10/12/2011,6,105657,
10/13/2011,4,105661,
10/14/2011,3,105664,
10/15/2011,5,105669,
10/16/2011,3,105672,
10/17/2011,6,105678,
10/18/2011,8,105686,
10/19/2011,4,105690,
10/20/2011,2,105692,
10/21/2011,8,105700,
10/22/2011,9,105709,
10/23/2011,4,105713,
10/24/2011,6,105719,
10/25/2011,7,105726,
10/26/2011,7,105733,
10/27/2011,7,105740,
10/28/2011,3,105743,
10/29/2011,4,105747,
10/30/2011,5,105752,
10/31/2011,1,105753,
11/1/2011,8,105761,
11/2/2011,7,105768,
11/3/2011,4,105772,
11/4/2011,10,105782,
11/5/2011,5,105787,
11/6/2011,15,105802,
11/7/2011,37,105839,
11/8/2011,31,105870,
11/9/2011,18,105888,
11/10/2011,25,105913,
11/11/2011,4,105917,
11/12/2011,5,105922,
11/13/2011,2,105924,
11/14/2011,18,105942,
11/15/2011,38,105980,
11/16/2011,37,106017,
11/17/2011,15,106032,
11/18/2011,32,106064,
11/19/2011,6,106070,
11/20/2011,11,106081,
11/21/2011,6,106087,
11/22/2011,27,106114,
11/23/2011,12,106126,
11/24/2011,426,106552,
11/25/2011,87,106639,
11/26/2011,31,106670,
11/27/2011,16,106686,
11/28/2011,14,106700,
11/29/2011,23,106723,
11/30/2011,8,106731,
12/1/2011,23,106754,
12/2/2011,20,106774,
12/3/2011,30,106804,
12/4/2011,9,106813,
12/5/2011,49,106862,
12/6/2011,15,106877,
12/7/2011,11,106888,
12/8/2011,18,106906,
12/9/2011,11,106917,
12/10/2011,9,106926,
12/11/2011,14,106940,
12/12/2011,14,106954,
12/13/2011,21,106975,
12/14/2011,53,107028,
12/15/2011,67,107095,
12/16/2011,98,107193,
12/17/2011,75,107268,
12/18/2011,75,107343,
12/19/2011,56,107399,
12/20/2011,28,107427,
12/21/2011,88,107515,
12/22/2011,70,107585,
12/23/2011,69,107654,
12/24/2011,31,107685,
12/25/2011,16,107701,
12/26/2011,10,107711,
12/27/2011,25,107736,
12/28/2011,52,107788,
12/29/2011,20,107808,
12/30/2011,21,107829,
12/31/2011,16,107845,
1/1/2012,13,107858,
1/2/2012,15,107873,
1/3/2012,20,107893,
1/4/2012,20,107913,
1/5/2012,30,107943,
1/6/2012,35,107978,
1/7/2012,38,108016,
1/8/2012,24,108040,
1/9/2012,19,108059,
1/10/2012,134,108193,
1/11/2012,45,108238,
1/12/2012,35,108273,
1/13/2012,29,108302,
1/14/2012,14,108316,
1/15/2012,17,108333,
1/16/2012,25,108358,
1/17/2012,42,108400,
1/18/2012,23,108423,
1/19/2012,46,108469,
1/20/2012,25,108494,
1/21/2012,23,108517,
1/22/2012,18,108535,
1/23/2012,21,108556,
1/24/2012,37,108593,
1/25/2012,55,108648,
1/26/2012,71,108719,
1/27/2012,36,108755,
1/28/2012,59,108814,
1/29/2012,27,108841,
1/30/2012,51,108892,
1/31/2012,60,108952,
2/1/2012,45,108997,
2/2/2012,57,109054,
2/3/2012,51,109105,
2/4/2012,18,109123,
2/5/2012,41,109164,
2/6/2012,33,109197,
2/7/2012,51,109248,
2/8/2012,66,109314,
2/9/2012,53,109367,
2/10/2012,78,109445,
2/11/2012,87,109532,
2/12/2012,122,109654,
2/13/2012,128,109782,
2/14/2012,121,109903,
2/15/2012,84,109987,
2/16/2012,52,110039,
2/17/2012,58,110097,
2/18/2012,51,110148,
2/19/2012,54,110202,
2/20/2012,66,110268,
2/21/2012,99,110367,
2/22/2012,100,110467,
2/23/2012,103,110570,
2/24/2012,102,110672,
2/25/2012,123,110795,
2/26/2012,110,110905,
2/27/2012,100,111005,
2/28/2012,139,111144,
2/29/2012,166,111310,
3/1/2012,94,111404,
3/2/2012,146,111550,
3/3/2012,84,111634,
3/4/2012,56,111690,
3/5/2012,45,111735,
3/6/2012,63,111798,
3/7/2012,121,111919,
3/8/2012,145,112064,
3/9/2012,142,112206,
3/10/2012,128,112334,
3/11/2012,155,112489,
3/12/2012,156,112645,
3/13/2012,164,112809,
3/14/2012,191,113000,
3/15/2012,141,113141,
3/16/2012,166,113307,
3/17/2012,130,113437,
3/18/2012,94,113531,
3/19/2012,145,113676,
3/20/2012,190,113866,
3/21/2012,137,114003,
3/22/2012,191,114194,
3/23/2012,175,114369,
3/24/2012,136,114505,
3/25/2012,121,114626,
3/26/2012,159,114785,
3/27/2012,169,114954,
3/28/2012,176,115130,
3/29/2012,221,115351,
3/30/2012,186,115537,
3/31/2012,166,115703,
4/1/2012,143,115846,
4/2/2012,141,115987,
4/3/2012,223,116210,
4/4/2012,225,116435,
4/5/2012,183,116618,
4/6/2012,215,116833,
4/7/2012,144,116977,
4/8/2012,215,117192,
4/9/2012,212,117404,
4/10/2012,233,117637,
4/11/2012,252,117889,
4/12/2012,410,118299,
4/13/2012,273,118572,
4/14/2012,216,118788,
4/15/2012,167,118955,
4/16/2012,300,119255,
4/17/2012,221,119476,
4/18/2012,265,119741,
4/19/2012,203,119944,
4/20/2012,306,120250,
4/21/2012,227,120477,
4/22/2012,225,120702,
4/23/2012,251,120953,
4/24/2012,335,121288,
4/25/2012,283,121571,
4/26/2012,193,121764,
4/27/2012,300,122064,
4/28/2012,267,122331,
4/29/2012,353,122684,
4/30/2012,218,122902,
5/1/2012,267,123169,
5/2/2012,191,123360,
5/3/2012,262,123622,
5/4/2012,199,123821,
5/5/2012,189,124010,
5/6/2012,170,124180,
5/7/2012,176,124356,
5/8/2012,213,124569,
5/9/2012,251,124820,
5/10/2012,269,125089,
5/11/2012,217,125306,
5/12/2012,229,125535,
5/13/2012,236,125771,
5/14/2012,232,126003,
5/15/2012,238,126241,
5/16/2012,219,126460,
5/17/2012,172,126632,
5/18/2012,223,126855,
5/19/2012,181,127036,
5/20/2012,229,127265,
5/21/2012,233,127498,
5/22/2012,247,127745,
5/23/2012,273,128018,
5/24/2012,285,128303,
5/25/2012,249,128552,
5/26/2012,210,128762,
5/27/2012,246,129008,
5/28/2012,273,129281,
5/29/2012,289,129570,
5/30/2012,267,129837,
5/31/2012,234,130071,
6/1/2012,225,130296,
6/2/2012,263,130559,
6/3/2012,255,130814,
6/4/2012,258,131072,
6/5/2012,312,131384,
6/6/2012,310,131694,
6/7/2012,369,132063,
6/8/2012,319,132382,
6/9/2012,270,132652,
6/10/2012,206,132858,
6/11/2012,284,133142,
6/12/2012,266,133408,
6/13/2012,221,133629,
6/14/2012,315,133944,
6/15/2012,254,134198,
6/16/2012,247,134445,
6/17/2012,213,134658,
6/18/2012,250,134908,
6/19/2012,213,135121,
6/20/2012,238,135359,
6/21/2012,223,135582,
6/22/2012,247,135829,
6/23/2012,197,136026,
6/24/2012,251,136277,
6/25/2012,280,136557,
6/26/2012,318,136875,
6/27/2012,266,137141,
6/28/2012,207,137348,
6/29/2012,722,138070,
6/30/2012,571,138641,
7/1/2012,424,139065,
7/2/2012,476,139541,
7/3/2012,374,139915,
7/4/2012,219,140134,
7/5/2012,219,140353,
7/6/2012,304,140657,
7/7/2012,329,140986,
7/8/2012,303,141289,
7/9/2012,342,141631,
7/10/2012,254,141885,
7/11/2012,289,142174,
7/12/2012,426,142600,
7/13/2012,328,142928,
7/14/2012,320,143248,
7/15/2012,247,143495,
7/16/2012,259,143754,
7/17/2012,244,143998,
7/18/2012,336,144334,
7/19/2012,303,144637,
7/20/2012,301,144938,
7/21/2012,221,145159,
7/22/2012,167,145326,
7/23/2012,182,145508,
7/24/2012,202,145710,
7/25/2012,200,145910,
7/26/2012,194,146104,
7/27/2012,214,146318,
7/28/2012,238,146556,
7/29/2012,246,146802,
7/30/2012,300,147102,
7/31/2012,353,147455,
8/1/2012,289,147744,
8/2/2012,339,148083,
8/3/2012,265,148348,
8/4/2012,288,148636,
8/5/2012,154,148790,
8/6/2012,210,149000,
8/7/2012,264,149264,
8/8/2012,255,149519,
8/9/2012,274,149793,
8/10/2012,230,150023,
8/11/2012,231,150254,
8/12/2012,166,150420,
8/13/2012,284,150704,
8/14/2012,289,150993,
8/15/2012,251,151244,
8/16/2012,233,151477,
8/17/2012,188,151665,
8/18/2012,166,151831,
8/19/2012,111,151942,
8/20/2012,175,152117,
8/21/2012,194,152311,
8/22/2012,157,152468,
8/23/2012,192,152660,
8/24/2012,245,152905,
8/25/2012,175,153080,
8/26/2012,111,153191,
8/27/2012,206,153397,
8/28/2012,198,153595,
8/29/2012,146,153741,
8/30/2012,161,153902,
8/31/2012,177,154079,
9/1/2012,97,154176,
9/2/2012,41,154217,
9/3/2012,27,154244,
9/4/2012,15,154259,
9/5/2012,30,154289,
9/6/2012,48,154337,
9/7/2012,171,154508,
9/8/2012,69,154577,
9/9/2012,55,154632,
9/10/2012,65,154697,
9/11/2012,52,154749,
9/12/2012,36,154785,
9/13/2012,41,154826,
9/14/2012,27,154853,
9/15/2012,30,154883,
9/16/2012,14,154897,
9/17/2012,55,154952,
9/18/2012,44,154996,
9/19/2012,37,155033,
9/20/2012,34,155067,
9/21/2012,57,155124,
9/22/2012,27,155151,
9/23/2012,37,155188,
9/24/2012,64,155252,
9/25/2012,50,155302,
9/26/2012,45,155347,
9/27/2012,77,155424,
9/28/2012,34,155458,
9/29/2012,18,155476,
9/30/2012,29,155505,
10/1/2012,41,155546,
10/2/2012,36,155582,
10/3/2012,21,155603,
10/4/2012,36,155639,
10/5/2012,28,155667,
10/6/2012,26,155693,
10/7/2012,43,155736,
10/8/2012,50,155786,
10/9/2012,23,155809,
10/10/2012,24,155833,
10/11/2012,38,155871,
10/12/2012,21,155892,
10/13/2012,27,155919,
10/14/2012,32,155951,
10/15/2012,34,155985,
10/16/2012,37,156022,
10/17/2012,41,156063,
10/18/2012,28,156091,
10/19/2012,27,156118,
10/20/2012,29,156147,
10/21/2012,41,156188,
10/22/2012,42,156230,
10/23/2012,32,156262,
10/24/2012,40,156302,
10/25/2012,53,156355,
10/26/2012,26,156381,
10/27/2012,20,156401,
10/28/2012,15,156416,
10/29/2012,31,156447,
10/30/2012,37,156484,
10/31/2012,28,156512,
11/1/2012,23,156535,
11/2/2012,38,156573,
11/3/2012,16,156589,
11/4/2012,42,156631,
11/5/2012,37,156668,
11/6/2012,34,156702,
11/7/2012,67,156769,
11/8/2012,51,156820,
11/9/2012,68,156888,
11/10/2012,40,156928,
11/11/2012,36,156964,
11/12/2012,49,157013,
11/13/2012,43,157056,
11/14/2012,54,157110,
11/15/2012,31,157141,
11/16/2012,25,157166,
11/17/2012,30,157196,
11/18/2012,35,157231,
11/19/2012,37,157268,
11/20/2012,48,157316,
11/21/2012,64,157380,
11/22/2012,47,157427,
11/23/2012,29,157456,
11/24/2012,20,157476,
11/25/2012,31,157507,
11/26/2012,51,157558,
11/27/2012,70,157628,
11/28/2012,51,157679,
11/29/2012,51,157730,
11/30/2012,41,157771,
12/1/2012,73,157844,
12/2/2012,45,157889,
12/3/2012,55,157944,
12/4/2012,53,157997,
12/5/2012,53,158050,
12/6/2012,63,158113,
12/7/2012,99,158212,
12/8/2012,55,158267,
12/9/2012,45,158312,
12/10/2012,63,158375,
12/11/2012,58,158433,
12/12/2012,63,158496,
12/13/2012,55,158551,
12/14/2012,41,158592,
12/15/2012,67,158659,
12/16/2012,66,158725,
12/17/2012,58,158783,
12/18/2012,46,158829,
12/19/2012,60,158889,
12/20/2012,76,158965,
12/21/2012,52,159017,
12/22/2012,55,159072,
12/23/2012,375,159447,
12/24/2012,383,159830,
12/25/2012,35,159865,
12/26/2012,50,159915,
12/27/2012,48,159963,
12/28/2012,68,160031,
12/29/2012,50,160081,
12/30/2012,35,160116,
12/31/2012,56,160172,
1/1/2013,33,160205,
1/2/2013,63,160268,
1/3/2013,56,160324,
1/4/2013,49,160373,
1/5/2013,41,160414,
1/6/2013,60,160474,
1/7/2013,29,160503,
1/8/2013,23,160526,
1/9/2013,29,160555,
1/10/2013,49,160604,
1/11/2013,32,160636,
1/12/2013,49,160685,
1/13/2013,30,160715,
1/14/2013,94,160809,
1/15/2013,56,160865,
1/16/2013,58,160923,
1/17/2013,40,160963,
1/18/2013,47,161010,
1/19/2013,30,161040,
1/20/2013,53,161093,
1/21/2013,61,161154,
1/22/2013,120,161274,
1/23/2013,91,161365,
1/24/2013,58,161423,
1/25/2013,56,161479,
1/26/2013,56,161535,
1/27/2013,50,161585,
1/28/2013,87,161672,
1/29/2013,61,161733,
1/30/2013,89,161822,
1/31/2013,97,161919,
2/1/2013,82,162001,
2/2/2013,39,162040,
2/3/2013,26,162066,
2/4/2013,45,162111,
2/5/2013,60,162171,
2/6/2013,44,162215,
2/7/2013,60,162275,
2/8/2013,35,162310,
2/9/2013,53,162363,
2/10/2013,54,162417,
2/11/2013,56,162473,
2/12/2013,63,162536,
2/13/2013,66,162602,
2/14/2013,67,162669,
2/15/2013,39,162708,
2/16/2013,38,162746,
2/17/2013,37,162783,
2/18/2013,52,162835,
2/19/2013,71,162906,
2/20/2013,55,162961,
2/21/2013,52,163013,
2/22/2013,41,163054,
2/23/2013,44,163098,
2/24/2013,40,163138,
2/25/2013,65,163203,
2/26/2013,78,163281,
2/27/2013,95,163376,
2/28/2013,80,163456,
3/1/2013,84,163540,
3/2/2013,72,163612,
3/3/2013,65,163677,
3/4/2013,57,163734,
3/5/2013,85,163819,
3/6/2013,67,163886,
3/7/2013,76,163962,
3/8/2013,66,164028,
3/9/2013,69,164097,
3/10/2013,61,164158,
3/11/2013,70,164228,
3/12/2013,82,164310,
3/13/2013,43,164353,
3/14/2013,57,164410,
3/15/2013,56,164466,
3/16/2013,73,164539,
3/17/2013,51,164590,
3/18/2013,91,164681,
3/19/2013,55,164736,
3/20/2013,59,164795,
3/21/2013,59,164854,
3/22/2013,57,164911,
3/23/2013,79,164990,
3/24/2013,74,165064,
3/25/2013,81,165145,
3/26/2013,77,165222,
3/27/2013,85,165307,
3/28/2013,103,165410,
3/29/2013,85,165495,
3/30/2013,56,165551,
3/31/2013,74,165625,
4/1/2013,67,165692,
4/2/2013,105,165797,
4/3/2013,90,165887,
4/4/2013,83,165970,
4/5/2013,76,166046,
4/6/2013,90,166136,
4/7/2013,94,166230,
4/8/2013,112,166342,
4/9/2013,73,166415,
4/10/2013,72,166487,
4/11/2013,96,166583,
4/12/2013,77,166660,
4/13/2013,66,166726,
4/14/2013,59,166785,
4/15/2013,61,166846,
4/16/2013,76,166922,
4/17/2013,61,166983,
4/18/2013,55,167038,
4/19/2013,57,167095,
4/20/2013,52,167147,
4/21/2013,44,167191,
4/22/2013,88,167279,
4/23/2013,68,167347,
4/24/2013,85,167432,
4/25/2013,71,167503,
4/26/2013,93,167596,
4/27/2013,70,167666,
4/28/2013,80,167746,
4/29/2013,87,167833,
4/30/2013,61,167894,
5/1/2013,54,167948,
5/2/2013,82,168030,
5/3/2013,66,168096,
5/4/2013,75,168171,
5/5/2013,51,168222,
5/6/2013,56,168278,
5/7/2013,39,168317,
5/8/2013,52,168369,
5/9/2013,52,168421,
5/10/2013,46,168467,
5/11/2013,28,168495,
5/12/2013,20,168515,
5/13/2013,33,168548,
5/14/2013,45,168593,
5/15/2013,19,168612,
5/16/2013,19,168631,
5/17/2013,18,168649,
5/18/2013,13,168662,
5/19/2013,24,168686,
5/20/2013,44,168730,
5/21/2013,24,168754,
5/22/2013,32,168786,
5/23/2013,35,168821,
5/24/2013,23,168844,
5/25/2013,24,168868,
5/26/2013,28,168896,
5/27/2013,55,168951,
5/28/2013,52,169003,
5/29/2013,45,169048,
5/30/2013,49,169097,
5/31/2013,41,169138,
6/1/2013,24,169162,
6/2/2013,26,169188,
6/3/2013,42,169230,
6/4/2013,60,169290,
6/5/2013,62,169352,
6/6/2013,55,169407,
6/7/2013,48,169455,
6/8/2013,55,169510,
6/9/2013,67,169577,
6/10/2013,111,169688,
6/11/2013,98,169786,
6/12/2013,82,169868,
6/13/2013,132,170000,
6/14/2013,154,170154,
6/15/2013,153,170307,
6/16/2013,89,170396,
6/17/2013,128,170524,
6/18/2013,58,170582,
6/19/2013,53,170635,
6/20/2013,59,170694,
6/21/2013,107,170801,
6/22/2013,77,170878,
6/23/2013,48,170926,
6/24/2013,77,171003,
6/25/2013,90,171093,
6/26/2013,58,171151,
6/27/2013,83,171234,
6/28/2013,45,171279,
6/29/2013,94,171373,
6/30/2013,176,171549,
7/1/2013,142,171691,
7/2/2013,91,171782,
7/3/2013,84,171866,
7/4/2013,61,171927,
7/5/2013,44,171971,
7/6/2013,69,172040,
7/7/2013,72,172112,
7/8/2013,71,172183,
7/9/2013,68,172251,
7/10/2013,83,172334,
7/11/2013,78,172412,
7/12/2013,84,172496,
7/13/2013,65,172561,
7/14/2013,140,172701,
7/15/2013,162,172863,
7/16/2013,118,172981,
7/17/2013,110,173091,
7/18/2013,115,173206,
7/19/2013,120,173326,
7/20/2013,90,173416,
7/21/2013,83,173499,
7/22/2013,79,173578,
7/23/2013,85,173663,
7/24/2013,90,173753,
7/25/2013,110,173863,
7/26/2013,255,174118,
7/27/2013,687,174805,
7/28/2013,286,175091,
7/29/2013,208,175299,
7/30/2013,158,175457,
7/31/2013,104,175561,
8/1/2013,132,175693,
8/2/2013,158,175851,
8/3/2013,87,175938,
8/4/2013,71,176009,
8/5/2013,72,176081,
8/6/2013,158,176239,
8/7/2013,111,176350,
8/8/2013,128,176478,
8/9/2013,81,176559,
8/10/2013,79,176638,
8/11/2013,98,176736,
8/12/2013,78,176814,
8/13/2013,100,176914,
8/14/2013,72,176986,
8/15/2013,124,177110,
8/16/2013,117,177227,
8/17/2013,59,177286,
8/18/2013,151,177437,
8/19/2013,123,177560,
8/20/2013,140,177700,
8/21/2013,121,177821,
8/22/2013,90,177911,
8/23/2013,86,177997,
8/24/2013,64,178061,
8/25/2013,49,178110,
8/26/2013,45,178155,
8/27/2013,71,178226,
8/28/2013,78,178304,
8/29/2013,116,178420,
8/30/2013,120,178540,
8/31/2013,69,178609,
9/1/2013,53,178662,
9/2/2013,46,178708,
9/3/2013,58,178766,
9/4/2013,66,178832,
9/5/2013,103,178935,
9/6/2013,94,179029,
9/7/2013,52,179081,
9/8/2013,108,179189,
9/9/2013,170,179359,
9/10/2013,93,179452,
9/11/2013,70,179522,
9/12/2013,65,179587,
9/13/2013,69,179656,
9/14/2013,49,179705,
9/15/2013,82,179787,
9/16/2013,114,179901,
9/17/2013,95,179996,
9/18/2013,58,180054,
9/19/2013,113,180167,
9/20/2013,85,180252,
9/21/2013,79,180331,
9/22/2013,66,180397,
9/23/2013,137,180534,
9/24/2013,111,180645,
9/25/2013,105,180750,
9/26/2013,74,180824,
9/27/2013,74,180898,
9/28/2013,69,180967,
9/29/2013,54,181021,
9/30/2013,74,181095,
10/1/2013,59,181154,
10/2/2013,65,181219,
10/3/2013,62,181281,
10/4/2013,43,181324,
10/5/2013,47,181371,
10/6/2013,96,181467,
10/7/2013,100,181567,
10/8/2013,61,181628,
10/9/2013,81,181709,
10/10/2013,53,181762,
10/11/2013,69,181831,
10/12/2013,277,182108,
10/13/2013,83,182191,
10/14/2013,100,182291,
10/15/2013,66,182357,
10/16/2013,49,182406,
10/17/2013,87,182493,
10/18/2013,63,182556,
10/19/2013,88,182644,
10/20/2013,93,182737,
10/21/2013,100,182837,
10/22/2013,55,182892,
10/23/2013,80,182972,
10/24/2013,46,183018,
10/25/2013,49,183067,
10/26/2013,73,183140,
10/27/2013,54,183194,
10/28/2013,81,183275,
10/29/2013,80,183355,
10/30/2013,56,183411,
10/31/2013,58,183469,
11/1/2013,51,183520,
11/2/2013,51,183571,
11/3/2013,57,183628,
11/4/2013,54,183682,
11/5/2013,48,183730,
11/6/2013,62,183792,
11/7/2013,39,183831,
11/8/2013,52,183883,
11/9/2013,43,183926,
11/10/2013,48,183974,
11/11/2013,52,184026,
11/12/2013,65,184091,
11/13/2013,65,184156,
11/14/2013,34,184190,
11/15/2013,53,184243,
11/16/2013,37,184280,
11/17/2013,42,184322,
11/18/2013,74,184396,
11/19/2013,70,184466,
11/20/2013,79,184545,
11/21/2013,73,184618,
11/22/2013,68,184686,
11/23/2013,51,184737,
11/24/2013,649,185386,
11/25/2013,59,185445,
11/26/2013,55,185500,
11/27/2013,59,185559,
11/28/2013,70,185629,
11/29/2013,84,185713,
11/30/2013,59,185772,
12/1/2013,59,185831,
12/2/2013,622,186453,
12/3/2013,96,186549,
12/4/2013,333,186882,
12/5/2013,58,186940,
12/6/2013,878,187818,
12/7/2013,67,187885,
12/8/2013,172,188057,
12/9/2013,91,188148,
12/10/2013,97,188245,
12/11/2013,123,188368,
12/12/2013,78,188446,
12/13/2013,61,188507,
12/14/2013,47,188554,
12/15/2013,48,188602,
12/16/2013,60,188662,
12/17/2013,51,188713,
12/18/2013,53,188766,
12/19/2013,41,188807,
12/20/2013,44,188851,
12/21/2013,26,188877,
12/22/2013,45,188922,
12/23/2013,59,188981,
12/24/2013,78,189059,
12/25/2013,38,189097,
12/26/2013,50,189147,
12/27/2013,74,189221,
12/28/2013,45,189266,
12/29/2013,38,189304,
12/30/2013,56,189360,
12/31/2013,55,189415,
1/1/2014,536,189951,
1/2/2014,1008,190959,
1/3/2014,849,191808,
1/4/2014,549,192357,
1/5/2014,600,192957,
1/6/2014,651,193608,
1/7/2014,635,194243,
1/8/2014,745,194988,
1/9/2014,661,195649,
1/10/2014,617,196266,
1/11/2014,469,196735,
1/12/2014,511,197246,
1/13/2014,689,197935,
1/14/2014,555,198490,
1/15/2014,580,199070,
1/16/2014,646,199716,
1/17/2014,497,200213,
1/18/2014,421,200634,
1/19/2014,456,201090,
1/20/2014,489,201579,
1/21/2014,528,202107,
1/22/2014,476,202583,
1/23/2014,504,203087,
1/24/2014,556,203643,
1/25/2014,455,204098,
1/26/2014,449,204547,
1/27/2014,479,205026,
1/28/2014,519,205545,
1/29/2014,594,206139,
1/30/2014,534,206673,
1/31/2014,535,207208,
2/1/2014,503,207711,
2/2/2014,468,208179,
2/3/2014,556,208735,
2/4/2014,535,209270,
2/5/2014,561,209831,
2/6/2014,575,210406,
2/7/2014,683,211089,
2/8/2014,476,211565,
2/9/2014,520,212085,
2/10/2014,553,212638,
2/11/2014,617,213255,
2/12/2014,582,213837,
2/13/2014,575,214412,
2/14/2014,539,214951,
2/15/2014,422,215373,
2/16/2014,495,215868,
2/17/2014,512,216380,
2/18/2014,506,216886,
2/19/2014,607,217493,
2/20/2014,686,218179,
2/21/2014,531,218710,
2/22/2014,462,219172,
2/23/2014,588,219760,
2/24/2014,481,220241,
2/25/2014,486,220727,
2/26/2014,534,221261,
2/27/2014,474,221735,
2/28/2014,524,222259,
3/1/2014,386,222645,
3/2/2014,446,223091,
3/3/2014,472,223563,
3/4/2014,457,224020,
3/5/2014,494,224514,
3/6/2014,460,224974,
3/7/2014,490,225464,
3/8/2014,464,225928,
3/9/2014,444,226372,
3/10/2014,467,226839,
3/11/2014,452,227291,
3/12/2014,544,227835,
3/13/2014,513,228348,
3/14/2014,501,228849,
3/15/2014,426,229275,
3/16/2014,447,229722,
3/17/2014,577,230299,
3/18/2014,599,230898,
3/19/2014,565,231463,
3/20/2014,572,232035,
3/21/2014,556,232591,
3/22/2014,460,233051,
3/23/2014,485,233536,
3/24/2014,555,234091,
3/25/2014,565,234656,
3/26/2014,599,235255,
3/27/2014,580,235835,
3/28/2014,562,236397,
3/29/2014,492,236889,
3/30/2014,480,237369,
3/31/2014,555,237924,
4/1/2014,1699,239623,
4/2/2014,2798,242421,
4/3/2014,1194,243615,
4/4/2014,820,244435,
4/5/2014,541,244976,
4/6/2014,482,245458,
4/7/2014,448,245906,
4/8/2014,557,246463,
4/9/2014,616,247079,
4/10/2014,516,247595,
4/11/2014,501,248096,
4/12/2014,454,248550,
4/13/2014,470,249020,
4/14/2014,430,249450,
4/15/2014,580,250030,
4/16/2014,511,250541,
4/17/2014,680,251221,
4/18/2014,547,251768,
4/19/2014,447,252215,
4/20/2014,473,252688,
4/21/2014,559,253247,
4/22/2014,567,253814,
4/23/2014,676,254490,
4/24/2014,629,255119,
4/25/2014,647,255766,
4/26/2014,547,256313,
4/27/2014,574,256887,
4/28/2014,593,257480,
4/29/2014,556,258036,
4/30/2014,618,258654,
5/1/2014,592,259246,
5/2/2014,529,259775,
5/3/2014,422,260197,
5/4/2014,448,260645,
5/5/2014,624,261269,
5/6/2014,615,261884,
5/7/2014,552,262436,
5/8/2014,656,263092,
5/9/2014,678,263770,
5/10/2014,548,264318,
5/11/2014,559,264877,
5/12/2014,572,265449,
5/13/2014,708,266157,
5/14/2014,689,266846,
5/15/2014,678,267524,
5/16/2014,688,268212,
5/17/2014,550,268762,
5/18/2014,599,269361,
5/19/2014,651,270012,
5/20/2014,678,270690,
5/21/2014,695,271385,
5/22/2014,716,272101,
5/23/2014,776,272877,
5/24/2014,550,273427,
5/25/2014,708,274135,
5/26/2014,579,274714,
5/27/2014,504,275218,
5/28/2014,639,275857,
5/29/2014,590,276447,
5/30/2014,871,277318,
5/31/2014,757,278075,
6/1/2014,563,278638,
6/2/2014,604,279242,
6/3/2014,635,279877,
6/4/2014,716,280593,
6/5/2014,562,281155,
6/6/2014,585,281740,
6/7/2014,562,282302,
6/8/2014,443,282745,
6/9/2014,548,283293,
6/10/2014,502,283795,
6/11/2014,447,284242,
6/12/2014,435,284677,
6/13/2014,615,285292,
6/14/2014,377,285669,
6/15/2014,460,286129,
6/16/2014,510,286639,
6/17/2014,511,287150,
6/18/2014,561,287711,
6/19/2014,543,288254,
6/20/2014,557,288811,
6/21/2014,507,289318,
6/22/2014,507,289825,
6/23/2014,602,290427,
6/24/2014,565,290992,
6/25/2014,529,291521,
6/26/2014,492,292013,
6/27/2014,610,292623,
6/28/2014,635,293258,
6/29/2014,709,293967,
6/30/2014,685,294652,
7/1/2014,684,295336,
7/2/2014,716,296052,
7/3/2014,691,296743,
7/4/2014,609,297352,
7/5/2014,480,297832,
7/6/2014,545,298377,
7/7/2014,731,299108,
7/8/2014,804,299912,
7/9/2014,914,300826,
7/10/2014,757,301583,
7/11/2014,718,302301,
7/12/2014,653,302954,
7/13/2014,626,303580,
7/14/2014,684,304264,
7/15/2014,673,304937,
7/16/2014,702,305639,
7/17/2014,705,306344,
7/18/2014,706,307050,
7/19/2014,578,307628,
7/20/2014,601,308229,
7/21/2014,749,308978,
7/22/2014,798,309776,
7/23/2014,674,310450,
7/24/2014,673,311123,
7/25/2014,663,311786,
7/26/2014,556,312342,
7/27/2014,562,312904,
7/28/2014,610,313514,
7/29/2014,693,314207,
7/30/2014,648,314855,
7/31/2014,760,315615,
8/1/2014,699,316314,
8/2/2014,643,316957,
8/3/2014,590,317547,
8/4/2014,785,318332,
8/5/2014,839,319171,
8/6/2014,768,319939,
8/7/2014,778,320717,
8/8/2014,724,321441,
8/9/2014,653,322094,
8/10/2014,706,322800,
8/11/2014,738,323538,
8/12/2014,798,324336,
8/13/2014,821,325157,
8/14/2014,750,325907,
8/15/2014,720,326627,
8/16/2014,733,327360,
8/17/2014,667,328027,
8/18/2014,1012,329039,
8/19/2014,1098,330137,
8/20/2014,1183,331320,
8/21/2014,1157,332477,
8/22/2014,1734,334211,
8/23/2014,1720,335931,
8/24/2014,1457,337388,
8/25/2014,1791,339179,
8/26/2014,2023,341202,
8/27/2014,1870,343072,
8/28/2014,1798,344870,
8/29/2014,1692,346562,
8/30/2014,1404,347966,
8/31/2014,1461,349427,
9/1/2014,1434,350861,
9/2/2014,1494,352355,
9/3/2014,1734,354089,
9/4/2014,1676,355765,
9/5/2014,1728,357493,
9/6/2014,1592,359085,
9/7/2014,1826,360911,
9/8/2014,2056,362967,
9/9/2014,1966,364933,
9/10/2014,1904,366837,
9/11/2014,1952,368789,
9/12/2014,1811,370600,
9/13/2014,1553,372153,
9/14/2014,1634,373787,
9/15/2014,1826,375613,
9/16/2014,1804,377417,
9/17/2014,1741,379158,
9/18/2014,1642,380800,
9/19/2014,1594,382394,
9/20/2014,1632,384026,
9/21/2014,1542,385568,
9/22/2014,1802,387370,
9/23/2014,1911,389281,
9/24/2014,1789,391070,
9/25/2014,2074,393144,
9/26/2014,2018,395162,
9/27/2014,1490,396652,
9/28/2014,1659,398311,
9/29/2014,1870,400181,
9/30/2014,1852,402033,
10/1/2014,1905,403938,
10/2/2014,1949,405887,
10/3/2014,1895,407782,
10/4/2014,1720,409502,
10/5/2014,1629,411131,
10/6/2014,1837,412968,
10/7/2014,2005,414973,
10/8/2014,1971,416944,
10/9/2014,2036,418980,
10/10/2014,2014,420994,
10/11/2014,1805,422799,
10/12/2014,1703,424502,
10/13/2014,1938,426440,
10/14/2014,1923,428363,
10/15/2014,1942,430305,
10/16/2014,1898,432203,
10/17/2014,1586,433789,
10/18/2014,1326,435115,
10/19/2014,1363,436478,
10/20/2014,1658,438136,
10/21/2014,1824,439960,
10/22/2014,1747,441707,
10/23/2014,2029,443736,
10/24/2014,1721,445457,
10/25/2014,1634,447091,
10/26/2014,1694,448785,
10/27/2014,1965,450750,
10/28/2014,2394,453144,
10/29/2014,2096,455240,
10/30/2014,2378,457618,
10/31/2014,2353,459971,
11/1/2014,1986,461957,
11/2/2014,2382,464339,
11/3/2014,2178,466517,
11/4/2014,2101,468618,
11/5/2014,2045,470663,
11/6/2014,2220,472883,
11/7/2014,2141,475024,
11/8/2014,2019,477043,
11/9/2014,2144,479187,
11/10/2014,2395,481582,
11/11/2014,2420,484002,
11/12/2014,2337,486339,
11/13/2014,2249,488588,
11/14/2014,2473,491061,
11/15/2014,2640,493701,
11/16/2014,2777,496478,
11/17/2014,3508,499986,
11/18/2014,2731,502717,
11/19/2014,2811,505528,
11/20/2014,2639,508167,
11/21/2014,2926,511093,
11/22/2014,2465,513558,
11/23/2014,2437,515995,
11/24/2014,2769,518764,
11/25/2014,3382,522146,
11/26/2014,3303,525449,
11/27/2014,2700,528149,
11/28/2014,2378,530527,
11/29/2014,2303,532830,
11/30/2014,2380,535210,
12/1/2014,2708,537918,
12/2/2014,3048,540966,
12/3/2014,3160,544126,
12/4/2014,2950,547076,
12/5/2014,2854,549930,
12/6/2014,2846,552776,
12/7/2014,2417,555193,
12/8/2014,2495,557688,
12/9/2014,2906,560594,
12/10/2014,3008,563602,
12/11/2014,2848,566450,
12/12/2014,2932,569382,
12/13/2014,2659,572041,
12/14/2014,2619,574660,
12/15/2014,2684,577344,
12/16/2014,2998,580342,
12/17/2014,3021,583363,
12/18/2014,3063,586426,
12/19/2014,2943,589369,
12/20/2014,2477,591846,
12/21/2014,2517,594363,
12/22/2014,2935,597298,
12/23/2014,2841,600139,
12/24/2014,2450,602589,
12/25/2014,2118,604707,
12/26/2014,2259,606966,
12/27/2014,2662,609628,
12/28/2014,3066,612694,
12/29/2014,3018,615712,
12/30/2014,3338,619050,
12/31/2014,3164,622214,
1/1/2015,2606,624820,
1/2/2015,3297,628117,
1/3/2015,3277,631394,
1/4/2015,3560,634954,
1/5/2015,3617,638571,
1/6/2015,3777,642348,
1/7/2015,3732,646080,
1/8/2015,3922,650002,
1/9/2015,3723,653725,
1/10/2015,3604,657329,
1/11/2015,3240,660569,
1/12/2015,4021,664590,
1/13/2015,3450,668040,
1/14/2015,4051,672091,
1/15/2015,3840,675931,
1/16/2015,4129,680060,
1/17/2015,3602,683662,
1/18/2015,3293,686955,
1/19/2015,4058,691013,
1/20/2015,3987,695000,
1/21/2015,3943,698943,
1/22/2015,3916,702859,
1/23/2015,3870,706729,
1/24/2015,3856,710585,
1/25/2015,4347,714932,
1/26/2015,4272,719204,
1/27/2015,4672,723876,
1/28/2015,4258,728134,
1/29/2015,4719,732853,
1/30/2015,4926,737779,
1/31/2015,4336,742115,
2/1/2015,4267,746382,
2/2/2015,4038,750420,
2/3/2015,4689,755109,
2/4/2015,4166,759275,
2/5/2015,4310,763585,
2/6/2015,4148,767733,
2/7/2015,3875,771608,
2/8/2015,4522,776130,
2/9/2015,4278,780408,
2/10/2015,4340,784748,
2/11/2015,4843,789591,
2/12/2015,4523,794114,
2/13/2015,4164,798278,
2/14/2015,3764,802042,
2/15/2015,3650,805692,
2/16/2015,4459,810151,
2/17/2015,4883,815034,
2/18/2015,4611,819645,
2/19/2015,4971,824616,
2/20/2015,4773,829389,
2/21/2015,4323,833712,
2/22/2015,5130,838842,
2/23/2015,5142,843984,
2/24/2015,5579,849563,
2/25/2015,4803,854366,
2/26/2015,5142,859508,
2/27/2015,5278,864786,
2/28/2015,4247,869033,
3/1/2015,4333,873366,
3/2/2015,4859,878225,
3/3/2015,4474,882699,
3/4/2015,5109,887808,
3/5/2015,5898,893706,
3/6/2015,4876,898582,
3/7/2015,4940,903522,
3/8/2015,4748,908270,
3/9/2015,5602,913872,
3/10/2015,6241,920113,
3/11/2015,6418,926531,
3/12/2015,6594,933125,
3/13/2015,6296,939421,
3/14/2015,5134,944555,
3/15/2015,5305,949860,
3/16/2015,5561,955421,
3/17/2015,5529,960950,
3/18/2015,5821,966771,
3/19/2015,6228,972999,
3/20/2015,6360,979359,
3/21/2015,5430,984789,
3/22/2015,4918,989707,
3/23/2015,5829,995536,
3/24/2015,5875,1001411,
3/25/2015,6322,1007733,
3/26/2015,6243,1013976,
3/27/2015,6422,1020398,
3/28/2015,4843,1025241,
3/29/2015,5416,1030657,
3/30/2015,6503,1037160,
3/31/2015,6882,1044042,
4/1/2015,6231,1050273,
4/2/2015,5841,1056114,
4/3/2015,5598,1061712,
4/4/2015,4750,1066462,
4/5/2015,4898,1071360,
4/6/2015,6463,1077823,
4/7/2015,6431,1084254,
4/8/2015,6452,1090706,
4/9/2015,6354,1097060,
4/10/2015,5990,1103050,
4/11/2015,5357,1108407,
4/12/2015,5434,1113841,
4/13/2015,6140,1119981,
4/14/2015,6388,1126369,
4/15/2015,6116,1132485,
4/16/2015,6381,1138866,
4/17/2015,5690,1144556,
4/18/2015,4850,1149406,
4/19/2015,4873,1154279,
4/20/2015,5579,1159858,
4/21/2015,6016,1165874,
4/22/2015,6526,1172400,
4/23/2015,6064,1178464,
4/24/2015,6295,1184759,
4/25/2015,5362,1190121,
4/26/2015,5765,1195886,
4/27/2015,6194,1202080,
4/28/2015,7499,1209579,
4/29/2015,7584,1217163,
4/30/2015,7942,1225105,
5/1/2015,6911,1232016,
5/2/2015,5480,1237496,
5/3/2015,5692,1243188,
5/4/2015,6738,1249926,
5/5/2015,6741,1256667,
5/6/2015,6464,1263131,
5/7/2015,6697,1269828,
5/8/2015,6196,1276024,
5/9/2015,5098,1281122,
5/10/2015,5074,1286196,
5/11/2015,6353,1292549,
5/12/2015,5534,1298083,
5/13/2015,6335,1304418,
5/14/2015,6884,1311302,
5/15/2015,6575,1317877,
5/16/2015,5610,1323487,
5/17/2015,5771,1329258,
5/18/2015,6676,1335934,
5/19/2015,6332,1342266,
5/20/2015,6633,1348899,
5/21/2015,6698,1355597,
5/22/2015,6397,1361994,
5/23/2015,5324,1367318,
5/24/2015,6268,1373586,
5/25/2015,6872,1380458,
5/26/2015,7329,1387787,
5/27/2015,7766,1395553,
5/28/2015,7222,1402775,
5/29/2015,7240,1410015,
5/30/2015,6427,1416442,
5/31/2015,6243,1422685,
6/1/2015,3613,1426298,
6/2/2015,1228,1427526,
6/3/2015,1341,1428867,
6/4/2015,1226,1430093,
6/5/2015,1243,1431336,
6/6/2015,1136,1432472,
6/7/2015,1243,1433715,
6/8/2015,1245,1434960,
6/9/2015,1456,1436416,
6/10/2015,1937,1438353,
6/11/2015,3083,1441436,
6/12/2015,2483,1443919,
6/13/2015,2032,1445951,
6/14/2015,1544,1447495,
6/15/2015,1443,1448938,
6/16/2015,1793,1450731,
6/17/2015,1653,1452384,
6/18/2015,1895,1454279,
6/19/2015,1697,1455976,
6/20/2015,1648,1457624,
6/21/2015,1470,1459094,
6/22/2015,1586,1460680,
6/23/2015,1884,1462564,
6/24/2015,1849,1464413,
6/25/2015,1781,1466194,
6/26/2015,1831,1468025,
6/27/2015,1639,1469664,
6/28/2015,1472,1471136,
6/29/2015,1781,1472917,
6/30/2015,1722,1474639,
7/1/2015,1481,1476120,
7/2/2015,1501,1477621,
7/3/2015,1452,1479073,
7/4/2015,1398,1480471,
7/5/2015,1298,1481769,
7/6/2015,1377,1483146,
7/7/2015,1559,1484705,
7/8/2015,1622,1486327,
7/9/2015,1569,1487896,
7/10/2015,1868,1489764,
7/11/2015,1827,1491591,
7/12/2015,1676,1493267,
7/13/2015,1829,1495096,
7/14/2015,1782,1496878,
7/15/2015,4451,1501329,
7/16/2015,3073,1504402,
7/17/2015,2394,1506796,
7/18/2015,2184,1508980,
7/19/2015,2124,1511104,
7/20/2015,2165,1513269,
7/21/2015,2519,1515788,
7/22/2015,2311,1518099,
7/23/2015,1849,1519948,
7/24/2015,40,1519988,
7/25/2015,53,1520041,
7/26/2015,57,1520098,
7/27/2015,65,1520163,
7/28/2015,43,1520206,
7/29/2015,26,1520232,
7/30/2015,38,1520270,
7/31/2015,44,1520314,
8/1/2015,53,1520367,
8/2/2015,28,1520395,
8/3/2015,46,1520441,
8/4/2015,60,1520501,
8/5/2015,24,1520525,
8/6/2015,27,1520552,
8/7/2015,15,1520567,
8/8/2015,21,1520588,
8/9/2015,20,1520608,
8/10/2015,19,1520627,
8/11/2015,18,1520645,
8/12/2015,12,1520657,
8/13/2015,12,1520669,
8/14/2015,24,1520693,
8/15/2015,29,1520722,
8/16/2015,44,1520766,
8/17/2015,48,1520814,
8/18/2015,29,1520843,
8/19/2015,10,1520853,
8/20/2015,15,1520868,
8/21/2015,66,1520934,
8/22/2015,131,1521065,
8/23/2015,111,1521176,
8/24/2015,42,1521218,
8/25/2015,112,1521330,
8/26/2015,312,1521642,
8/27/2015,350,1521992,
8/28/2015,272,1522264,
8/29/2015,234,1522498,
8/30/2015,231,1522729,
8/31/2015,285,1523014,
9/1/2015,4679,1527693,
9/2/2015,5852,1533545,
9/3/2015,5708,1539253,
9/4/2015,6153,1545406,
9/5/2015,5231,1550637,
9/6/2015,5545,1556182,
9/7/2015,6294,1562476,
9/8/2015,5581,1568057,
9/9/2015,4936,1572993,
9/10/2015,5067,1578060,
9/11/2015,5653,1583713,
9/12/2015,5698,1589411,
9/13/2015,6169,1595580,
9/14/2015,5674,1601254,
9/15/2015,5439,1606693,
9/16/2015,6037,1612730,
9/17/2015,6766,1619496,
9/18/2015,6146,1625642,
9/19/2015,6350,1631992,
9/20/2015,7568,1639560,
9/21/2015,6284,1645844,
9/22/2015,5851,1651695,
9/23/2015,6301,1657996,
9/24/2015,7162,1665158,
9/25/2015,6817,1671975,
9/26/2015,7228,1679203,
9/27/2015,8060,1687263,
9/28/2015,7367,1694630,
9/29/2015,6643,1701273,
9/30/2015,6708,1707981,
10/1/2015,313,1708294,
10/2/2015,322,1708616,
10/3/2015,351,1708967,
10/4/2015,434,1709401,
10/5/2015,437,1709838,
10/6/2015,438,1710276,
10/7/2015,529,1710805,
10/8/2015,2175,1712980,
10/9/2015,546,1713526,
10/10/2015,643,1714169,
10/11/2015,311,1714480,
10/12/2015,847,1715327,
10/13/2015,397,1715724,
10/14/2015,430,1716154,
10/15/2015,377,1716531,
10/16/2015,419,1716950,
10/17/2015,407,1717357,
10/18/2015,554,1717911,
10/19/2015,361,1718272,
10/20/2015,458,1718730,
10/21/2015,361,1719091,
10/22/2015,389,1719480,
10/23/2015,458,1719938,
10/24/2015,1116,1721054,
10/25/2015,609,1721663,
10/26/2015,666,1722329,
10/27/2015,484,1722813,
10/28/2015,528,1723341,
10/29/2015,581,1723922,
10/30/2015,318,1724240,
10/31/2015,378,1724618,
11/1/2015,324,1724942,
11/2/2015,172,1725114,
11/3/2015,225,1725339,
11/4/2015,177,1725516,
11/5/2015,216,1725732,
11/6/2015,179,1725911,
11/7/2015,183,1726094,
11/8/2015,128,1726222,
11/9/2015,172,1726394,
11/10/2015,164,1726558,
11/11/2015,202,1726760,
11/12/2015,158,1726918,
11/13/2015,148,1727066,
11/14/2015,189,1727255,
11/15/2015,215,1727470,
11/16/2015,195,1727665,
11/17/2015,166,1727831,
11/18/2015,115,1727946,
11/19/2015,83,1728029,
11/20/2015,84,1728113,
11/21/2015,122,1728235,
11/22/2015,124,1728359,
11/23/2015,106,1728465,
11/24/2015,295,1728760,
11/25/2015,112,1728872,
11/26/2015,80,1728952,
11/27/2015,123,1729075,
11/28/2015,99,1729174,
11/29/2015,63,1729237,
11/30/2015,37,1729274,
12/1/2015,122,1729396,
12/2/2015,600,1729996,
12/3/2015,527,1730523,
12/4/2015,513,1731036,
12/5/2015,576,1731612,
12/6/2015,633,1732245,
12/7/2015,581,1732826,
12/8/2015,686,1733512,
12/9/2015,629,1734141,
12/10/2015,627,1734768,
12/11/2015,576,1735344,
12/12/2015,810,1736154,
12/13/2015,1005,1737159,
12/14/2015,730,1737889,
12/15/2015,566,1738455,
12/16/2015,595,1739050,
12/17/2015,603,1739653,
12/18/2015,810,1740463,
12/19/2015,1218,1741681,
12/20/2015,1189,1742870,
12/21/2015,982,1743852,
12/22/2015,843,1744695,
12/23/2015,756,1745451,
12/24/2015,778,1746229,
12/25/2015,758,1746987,
12/26/2015,1152,1748139,
12/27/2015,1323,1749462,
12/28/2015,785,1750247,
12/29/2015,793,1751040,
12/30/2015,1020,1752060,
12/31/2015,866,1752926,
1/1/2016,288,1753214,
1/2/2016,344,1753558,
1/3/2016,305,1753863,
1/4/2016,307,1754170,
1/5/2016,278,1754448,
1/6/2016,333,1754781,
1/7/2016,424,1755205,
1/8/2016,201,1755406,
1/9/2016,246,1755652,
1/10/2016,131,1755783,
1/11/2016,131,1755914,
1/12/2016,73,1755987,
1/13/2016,149,1756136,
1/14/2016,122,1756258,
1/15/2016,130,1756388,
1/16/2016,185,1756573,
1/17/2016,152,1756725,
1/18/2016,82,1756807,
1/19/2016,79,1756886,
1/20/2016,79,1756965,
1/21/2016,100,1757065,
1/22/2016,35,1757100,
1/23/2016,36,1757136,
1/24/2016,32,1757168,
1/25/2016,54,1757222,
1/26/2016,30,1757252,
1/27/2016,36,1757288,
1/28/2016,24,1757312,
1/29/2016,33,1757345,
1/30/2016,31,1757376,
1/31/2016,29,1757405,
2/1/2016,137,1757542,
2/2/2016,164,1757706,
2/3/2016,162,1757868,
2/4/2016,164,1758032,
2/5/2016,56,1758088,
2/6/2016,152,1758240,
2/7/2016,165,1758405,
2/8/2016,76,1758481,
2/9/2016,92,1758573,
2/10/2016,132,1758705,
2/11/2016,127,1758832,
2/12/2016,81,1758913,
2/13/2016,134,1759047,
2/14/2016,187,1759234,
2/15/2016,128,1759362,
2/16/2016,96,1759458,
2/17/2016,119,1759577,
2/18/2016,117,1759694,
2/19/2016,103,1759797,
2/20/2016,123,1759920,
2/21/2016,146,1760066,
2/22/2016,115,1760181,
2/23/2016,132,1760313,
2/24/2016,93,1760406,
2/25/2016,128,1760534,
2/26/2016,94,1760628,
2/27/2016,140,1760768,
2/28/2016,195,1760963,
2/29/2016,75,1761038,