Date,Count,Cumulative,140770
10/15/2007,419,419,
10/16/2007,138,557,
10/17/2007,94,651,
10/18/2007,50,701,
10/19/2007,62,763,
10/20/2007,16,779,
10/21/2007,15,794,
10/22/2007,22,816,
10/23/2007,34,850,
10/24/2007,40,890,
10/25/2007,42,932,
10/26/2007,14,946,
10/27/2007,58,1004,
10/28/2007,50,1054,
10/29/2007,20,1074,
10/30/2007,8,1082,
10/31/2007,22,1104,
11/1/2007,18,1122,
11/2/2007,8,1130,
11/3/2007,16,1146,
11/4/2007,14,1160,
11/5/2007,16,1176,
11/6/2007,12,1188,
11/7/2007,40,1228,
11/8/2007,4,1232,
11/9/2007,6,1238,
11/10/2007,4,1242,
11/11/2007,10,1252,
11/12/2007,24,1276,
11/13/2007,4,1280,
11/14/2007,18,1298,
11/15/2007,4,1302,
11/16/2007,18,1320,
11/17/2007,8,1328,
11/18/2007,8,1336,
11/19/2007,6,1342,
11/20/2007,30,1372,
11/21/2007,14,1386,
11/22/2007,4,1390,
11/23/2007,12,1402,
11/24/2007,0,1402,
11/25/2007,2,1404,
11/26/2007,8,1412,
11/27/2007,34,1446,
11/28/2007,18,1464,
11/29/2007,14,1478,
11/30/2007,14,1492,
12/1/2007,14,1506,
12/2/2007,6,1512,
12/3/2007,4,1516,
12/4/2007,14,1530,
12/5/2007,22,1552,
12/6/2007,16,1568,
12/7/2007,14,1582,
12/8/2007,0,1582,
12/9/2007,14,1596,
12/10/2007,8,1604,
12/11/2007,24,1628,
12/12/2007,8,1636,
12/13/2007,12,1648,
12/14/2007,28,1676,
12/15/2007,4,1680,
12/16/2007,16,1696,
12/17/2007,12,1708,
12/18/2007,16,1724,
12/19/2007,26,1750,
12/20/2007,12,1762,
12/21/2007,20,1782,
12/22/2007,4,1786,
12/23/2007,2,1788,
12/24/2007,6,1794,
12/25/2007,2,1796,
12/26/2007,10,1806,
12/27/2007,10,1816,
12/28/2007,6,1822,
12/29/2007,10,1832,
12/30/2007,4,1836,
12/31/2007,4,1840,
1/1/2008,6,1846,
1/2/2008,22,1868,
1/3/2008,6,1874,
1/4/2008,8,1882,
1/5/2008,14,1896,
1/6/2008,4,1900,
1/7/2008,6,1906,
1/8/2008,12,1918,
1/9/2008,8,1926,
1/10/2008,12,1938,
1/11/2008,4,1942,
1/12/2008,4,1946,
1/13/2008,4,1950,
1/14/2008,14,1964,
1/15/2008,2,1966,
1/16/2008,6,1972,
1/17/2008,2,1974,
1/18/2008,4,1978,
1/19/2008,10,1988,
1/20/2008,4,1992,
1/21/2008,14,2006,
1/22/2008,10,2016,
1/23/2008,8,2024,
1/24/2008,4,2028,
1/25/2008,4,2032,
1/26/2008,12,2044,
1/27/2008,8,2052,
1/28/2008,4,2056,
1/29/2008,4,2060,
1/30/2008,8,2068,
1/31/2008,10,2078,
2/1/2008,4,2082,
2/2/2008,8,2090,
2/3/2008,4,2094,
2/4/2008,0,2094,
2/5/2008,4,2098,
2/6/2008,2,2100,
2/7/2008,6,2106,
2/8/2008,4,2110,
2/9/2008,14,2124,
2/10/2008,0,2124,
2/11/2008,16,2140,
2/12/2008,8,2148,
2/13/2008,4,2152,
2/14/2008,0,2152,
2/15/2008,12,2164,
2/16/2008,2,2166,
2/17/2008,2,2168,
2/18/2008,10,2178,
2/19/2008,2,2180,
2/20/2008,2,2182,
2/21/2008,4,2186,
2/22/2008,8,2194,
2/23/2008,0,2194,
2/24/2008,8,2202,
2/25/2008,8,2210,
2/26/2008,4,2214,
2/27/2008,6,2220,
2/28/2008,8,2228,
2/29/2008,4,2232,
3/1/2008,0,2232,
3/2/2008,0,2232,
3/3/2008,4,2236,
3/4/2008,0,2236,
3/5/2008,2,2238,
3/6/2008,6,2244,
3/7/2008,10,2254,
3/8/2008,0,2254,
3/9/2008,6,2260,
3/10/2008,2,2262,
3/11/2008,2,2264,
3/12/2008,2,2266,
3/13/2008,6,2272,
3/14/2008,4,2276,
3/15/2008,4,2280,
3/16/2008,0,2280,
3/17/2008,8,2288,
3/18/2008,4,2292,
3/19/2008,2,2294,
3/20/2008,18,2312,
3/21/2008,2,2314,
3/22/2008,8,2322,
3/23/2008,0,2322,
3/24/2008,2,2324,
3/25/2008,14,2338,
3/26/2008,4,2342,
3/27/2008,2,2344,
3/28/2008,4,2348,
3/29/2008,6,2354,
3/30/2008,4,2358,
3/31/2008,10,2368,
4/1/2008,2,2370,
4/2/2008,10,2380,
4/3/2008,4,2384,
4/4/2008,6,2390,
4/5/2008,2,2392,
4/6/2008,2,2394,
4/7/2008,6,2400,
4/8/2008,6,2406,
4/9/2008,10,2416,
4/10/2008,20,2436,
4/11/2008,2,2438,
4/12/2008,4,2442,
4/13/2008,6,2448,
4/14/2008,2,2450,
4/15/2008,2,2452,
4/16/2008,0,2452,
4/17/2008,0,2452,
4/18/2008,2,2454,
4/19/2008,4,2458,
4/20/2008,14,2472,
4/21/2008,0,2472,
4/22/2008,22,2494,
4/23/2008,2,2496,
4/24/2008,4,2500,
4/25/2008,4,2504,
4/26/2008,10,2514,
4/27/2008,2,2516,
4/28/2008,14,2530,
4/29/2008,0,2530,
4/30/2008,30,2560,
5/1/2008,24,2584,
5/2/2008,2,2586,
5/3/2008,2,2588,
5/4/2008,2,2590,
5/5/2008,16,2606,
5/6/2008,0,2606,
5/7/2008,6,2612,
5/8/2008,4,2616,
5/9/2008,2,2618,
5/10/2008,6,2624,
5/11/2008,0,2624,
5/12/2008,0,2624,
5/13/2008,12,2636,
5/14/2008,6,2642,
5/15/2008,23,2665,
5/16/2008,0,2665,
5/17/2008,2,2667,
5/18/2008,22,2689,
5/19/2008,14,2703,
5/20/2008,10,2713,
5/21/2008,58,2771,
5/22/2008,64,2835,
5/23/2008,2,2837,
5/24/2008,0,2837,
5/25/2008,4,2841,
5/26/2008,24,2865,
5/27/2008,42,2907,
5/28/2008,14,2921,
5/29/2008,18,2939,
5/30/2008,14,2953,
5/31/2008,10,2963,
6/1/2008,2,2965,
6/2/2008,14,2979,
6/3/2008,10,2989,
6/4/2008,20,3009,
6/5/2008,16,3025,
6/6/2008,12,3037,
6/7/2008,6,3043,
6/8/2008,24,3067,
6/9/2008,12,3079,
6/10/2008,6,3085,
6/11/2008,6,3091,
6/12/2008,6,3097,
6/13/2008,4,3101,
6/14/2008,10,3111,
6/15/2008,4,3115,
6/16/2008,26,3141,
6/17/2008,28,3169,
6/18/2008,14,3183,
6/19/2008,4,3187,
6/20/2008,4,3191,
6/21/2008,4,3195,
6/22/2008,4,3199,
6/23/2008,12,3211,
6/24/2008,8,3219,
6/25/2008,8,3227,
6/26/2008,10,3237,
6/27/2008,20,3257,
6/28/2008,4,3261,
6/29/2008,2,3263,
6/30/2008,8,3271,
7/1/2008,0,3271,
7/2/2008,0,3271,
7/3/2008,2,3273,
7/4/2008,10,3283,
7/5/2008,6,3289,
7/6/2008,4,3293,
7/7/2008,6,3299,
7/8/2008,6,3305,
7/9/2008,38,3343,
7/10/2008,48,3391,
7/11/2008,6,3397,
7/12/2008,4,3401,
7/13/2008,8,3409,
7/14/2008,0,3409,
7/15/2008,12,3421,
7/16/2008,12,3433,
7/17/2008,12,3445,
7/18/2008,0,3445,
7/19/2008,4,3449,
7/20/2008,2,3451,
7/21/2008,0,3451,
7/22/2008,14,3465,
7/23/2008,4,3469,
7/24/2008,4,3473,
7/25/2008,2,3475,
7/26/2008,0,3475,
7/27/2008,2,3477,
7/28/2008,8,3485,
7/29/2008,6,3491,
7/30/2008,2,3493,
7/31/2008,4,3497,
8/1/2008,6,3503,
8/2/2008,2,3505,
8/3/2008,4,3509,
8/4/2008,2,3511,
8/5/2008,18,3529,
8/6/2008,4,3533,
8/7/2008,2,3535,
8/8/2008,2,3537,
8/9/2008,20,3557,
8/10/2008,6,3563,
8/11/2008,4,3567,
8/12/2008,54,3621,
8/13/2008,8,3629,
8/14/2008,6,3635,
8/15/2008,6,3641,
8/16/2008,2,3643,
8/17/2008,6,3649,
8/18/2008,16,3665,
8/19/2008,6,3671,
8/20/2008,44,3715,
8/21/2008,68,3783,
8/22/2008,56,3839,
8/23/2008,8,3847,
8/24/2008,12,3859,
8/25/2008,10,3869,
8/26/2008,4,3873,
8/27/2008,2,3875,
8/28/2008,8,3883,
8/29/2008,0,3883,
8/30/2008,14,3897,
8/31/2008,8,3905,
9/1/2008,0,3905,
9/2/2008,4,3909,
9/3/2008,4,3913,
9/4/2008,22,3935,
9/5/2008,31,3966,
9/6/2008,2,3968,
9/7/2008,116,4084,
9/8/2008,12,4096,
9/9/2008,10,4106,
9/10/2008,0,4106,
9/11/2008,2,4108,
9/12/2008,6,4114,
9/13/2008,0,4114,
9/14/2008,6,4120,
9/15/2008,0,4120,
9/16/2008,4,4124,
9/17/2008,2,4126,
9/18/2008,4,4130,
9/19/2008,6,4136,
9/20/2008,0,4136,
9/21/2008,0,4136,
9/22/2008,2,4138,
9/23/2008,2,4140,
9/24/2008,2,4142,
9/25/2008,6,4148,
9/26/2008,0,4148,
9/27/2008,6,4154,
9/28/2008,10,4164,
9/29/2008,2,4166,
9/30/2008,4,4170,
10/1/2008,2,4172,
10/2/2008,0,4172,
10/3/2008,2,4174,
10/4/2008,2,4176,
10/5/2008,0,4176,
10/6/2008,0,4176,
10/7/2008,6,4182,
10/8/2008,8,4190,
10/9/2008,4,4194,
10/10/2008,4,4198,
10/11/2008,6,4204,
10/12/2008,2,4206,
10/13/2008,8,4214,
10/14/2008,0,4214,
10/15/2008,4,4218,
10/16/2008,2,4220,
10/17/2008,4,4224,
10/18/2008,0,4224,
10/19/2008,0,4224,
10/20/2008,4,4228,
10/21/2008,0,4228,
10/22/2008,12,4240,
10/23/2008,4,4244,
10/24/2008,2,4246,
10/25/2008,0,4246,
10/26/2008,3,4249,
10/27/2008,3,4252,
10/28/2008,6,4258,
10/29/2008,1,4259,
10/30/2008,3,4262,
10/31/2008,3,4265,
11/1/2008,0,4265,
11/2/2008,4,4269,
11/3/2008,17,4286,
11/4/2008,4,4290,
11/5/2008,0,4290,
11/6/2008,0,4290,
11/7/2008,2,4292,
11/8/2008,4,4296,
11/9/2008,9,4305,
11/10/2008,7,4312,
11/11/2008,8,4320,
11/12/2008,12,4332,
11/13/2008,2,4334,
11/14/2008,14,4348,
11/15/2008,8,4356,
11/16/2008,6,4362,
11/17/2008,0,4362,
11/18/2008,4,4366,
11/19/2008,0,4366,
11/20/2008,4,4370,
11/21/2008,2,4372,
11/22/2008,2,4374,
11/23/2008,2,4376,
11/24/2008,0,4376,
11/25/2008,15,4391,
11/26/2008,2,4393,
11/27/2008,6,4399,
11/28/2008,4,4403,
11/29/2008,6,4409,
11/30/2008,4,4413,
12/1/2008,2,4415,
12/2/2008,29,4444,
12/3/2008,12,4456,
12/4/2008,4,4460,
12/5/2008,8,4468,
12/6/2008,0,4468,
12/7/2008,4,4472,
12/8/2008,1,4473,
12/9/2008,0,4473,
12/10/2008,1,4474,
12/11/2008,1,4475,
12/12/2008,3,4478,
12/13/2008,0,4478,
12/14/2008,9,4487,
12/15/2008,1,4488,
12/16/2008,3,4491,
12/17/2008,19,4510,
12/18/2008,34,4544,
12/19/2008,4,4548,
12/20/2008,4,4552,
12/21/2008,4,4556,
12/22/2008,6,4562,
12/23/2008,2,4564,
12/24/2008,8,4572,
12/25/2008,2,4574,
12/26/2008,4,4578,
12/27/2008,0,4578,
12/28/2008,2,4580,
12/29/2008,0,4580,
12/30/2008,6,4586,
12/31/2008,2,4588,
1/1/2009,4,4592,
1/2/2009,6,4598,
1/3/2009,4,4602,
1/4/2009,8,4610,
1/5/2009,3,4613,
1/6/2009,2,4615,
1/7/2009,32,4647,
1/8/2009,9,4656,
1/9/2009,7,4663,
1/10/2009,0,4663,
1/11/2009,3,4666,
1/12/2009,4,4670,
1/13/2009,4,4674,
1/14/2009,4,4678,
1/15/2009,0,4678,
1/16/2009,18,4696,
1/17/2009,17,4713,
1/18/2009,2,4715,
1/19/2009,56,4771,
1/20/2009,39,4810,
1/21/2009,46,4856,
1/22/2009,57,4913,
1/23/2009,11,4924,
1/24/2009,9,4933,
1/25/2009,2,4935,
1/26/2009,0,4935,
1/27/2009,26,4961,
1/28/2009,22,4983,
1/29/2009,4,4987,
1/30/2009,0,4987,
1/31/2009,3,4990,
2/1/2009,2,4992,
2/2/2009,8,5000,
2/3/2009,2,5002,
2/4/2009,43,5045,
2/5/2009,25,5070,
2/6/2009,2,5072,
2/7/2009,0,5072,
2/8/2009,3,5075,
2/9/2009,2,5077,
2/10/2009,1,5078,
2/11/2009,0,5078,
2/12/2009,1,5079,
2/13/2009,2,5081,
2/14/2009,2,5083,
2/15/2009,1,5084,
2/16/2009,4,5088,
2/17/2009,0,5088,
2/18/2009,24,5112,
2/19/2009,21,5133,
2/20/2009,43,5176,
2/21/2009,27,5203,
2/22/2009,2,5205,
2/23/2009,0,5205,
2/24/2009,0,5205,
2/25/2009,1,5206,
2/26/2009,4,5210,
2/27/2009,4,5214,
2/28/2009,3,5217,
3/1/2009,0,5217,
3/2/2009,2,5219,
3/3/2009,2,5221,
3/4/2009,0,5221,
3/5/2009,4,5225,
3/6/2009,0,5225,
3/7/2009,4,5229,
3/8/2009,0,5229,
3/9/2009,2,5231,
3/10/2009,4,5235,
3/11/2009,23,5258,
3/12/2009,4,5262,
3/13/2009,5,5267,
3/14/2009,3,5270,
3/15/2009,0,5270,
3/16/2009,1,5271,
3/17/2009,6,5277,
3/18/2009,1,5278,
3/19/2009,1,5279,
3/20/2009,1,5280,
3/21/2009,1,5281,
3/22/2009,3,5284,
3/23/2009,4,5288,
3/24/2009,1,5289,
3/25/2009,5,5294,
3/26/2009,1,5295,
3/27/2009,8,5303,
3/28/2009,1,5304,
3/29/2009,1,5305,
3/30/2009,4,5309,
3/31/2009,1,5310,
4/1/2009,0,5310,
4/2/2009,0,5310,
4/3/2009,4,5314,
4/4/2009,0,5314,
4/5/2009,2,5316,
4/6/2009,28,5344,
4/7/2009,7,5351,
4/8/2009,3,5354,
4/9/2009,18,5372,
4/10/2009,2,5374,
4/11/2009,1,5375,
4/12/2009,2,5377,
4/13/2009,3,5380,
4/14/2009,21,5401,
4/15/2009,2,5403,
4/16/2009,2,5405,
4/17/2009,4,5409,
4/18/2009,0,5409,
4/19/2009,0,5409,
4/20/2009,3,5412,
4/21/2009,5,5417,
4/22/2009,0,5417,
4/23/2009,2,5419,
4/24/2009,1,5420,
4/25/2009,2,5422,
4/26/2009,3,5425,
4/27/2009,5,5430,
4/28/2009,6,5436,
4/29/2009,0,5436,
4/30/2009,1,5437,
5/1/2009,1,5438,
5/2/2009,0,5438,
5/3/2009,1,5439,
5/4/2009,1,5440,
5/5/2009,0,5440,
5/6/2009,6,5446,
5/7/2009,4,5450,
5/8/2009,0,5450,
5/9/2009,1,5451,
5/10/2009,13,5464,
5/11/2009,23,5487,
5/12/2009,5,5492,
5/13/2009,12,5504,
5/14/2009,4,5508,
5/15/2009,5,5513,
5/16/2009,4,5517,
5/17/2009,0,5517,
5/18/2009,6,5523,
5/19/2009,5,5528,
5/20/2009,2,5530,
5/21/2009,3,5533,
5/22/2009,1,5534,
5/23/2009,3,5537,
5/24/2009,0,5537,
5/25/2009,0,5537,
5/26/2009,4,5541,
5/27/2009,2,5543,
5/28/2009,2,5545,
5/29/2009,2,5547,
5/30/2009,0,5547,
5/31/2009,1,5548,
6/1/2009,3,5551,
6/2/2009,9,5560,
6/3/2009,4,5564,
6/4/2009,0,5564,
6/5/2009,18,5582,
6/6/2009,11,5593,
6/7/2009,2,5595,
6/8/2009,6,5601,
6/9/2009,2,5603,
6/10/2009,2,5605,
6/11/2009,3,5608,
6/12/2009,5,5613,
6/13/2009,0,5613,
6/14/2009,2,5615,
6/15/2009,9,5624,
6/16/2009,1,5625,
6/17/2009,0,5625,
6/18/2009,3,5628,
6/19/2009,0,5628,
6/20/2009,1,5629,
6/21/2009,0,5629,
6/22/2009,1,5630,
6/23/2009,1,5631,
6/24/2009,3,5634,
6/25/2009,1,5635,
6/26/2009,1,5636,
6/27/2009,1,5637,
6/28/2009,1,5638,
6/29/2009,1,5639,
6/30/2009,3,5642,
7/1/2009,9,5651,
7/2/2009,8,5659,
7/3/2009,2,5661,
7/4/2009,3,5664,
7/5/2009,15,5679,
7/6/2009,9,5688,
7/7/2009,1,5689,
7/8/2009,7,5696,
7/9/2009,1,5697,
7/10/2009,0,5697,
7/11/2009,1,5698,
7/12/2009,1,5699,
7/13/2009,3,5702,
7/14/2009,0,5702,
7/15/2009,3,5705,
7/16/2009,5,5710,
7/17/2009,1,5711,
7/18/2009,1,5712,
7/19/2009,0,5712,
7/20/2009,0,5712,
7/21/2009,2,5714,
7/22/2009,0,5714,
7/23/2009,0,5714,
7/24/2009,1,5715,
7/25/2009,1,5716,
7/26/2009,0,5716,
7/27/2009,3,5719,
7/28/2009,4,5723,
7/29/2009,2,5725,
7/30/2009,1,5726,
7/31/2009,2,5728,
8/1/2009,1,5729,
8/2/2009,7,5736,
8/3/2009,3,5739,
8/4/2009,1,5740,
8/5/2009,4,5744,
8/6/2009,0,5744,
8/7/2009,1,5745,
8/8/2009,0,5745,
8/9/2009,3,5748,
8/10/2009,1,5749,
8/11/2009,0,5749,
8/12/2009,1,5750,
8/13/2009,2,5752,
8/14/2009,3,5755,
8/15/2009,0,5755,
8/16/2009,2,5757,
8/17/2009,2,5759,
8/18/2009,0,5759,
8/19/2009,1,5760,
8/20/2009,0,5760,
8/21/2009,1,5761,
8/22/2009,1,5762,
8/23/2009,0,5762,
8/24/2009,5,5767,
8/25/2009,0,5767,
8/26/2009,0,5767,
8/27/2009,0,5767,
8/28/2009,1,5768,
8/29/2009,2,5770,
8/30/2009,0,5770,
8/31/2009,0,5770,
9/1/2009,1,5771,
9/2/2009,2,5773,
9/3/2009,1,5774,
9/4/2009,0,5774,
9/5/2009,3,5777,
9/6/2009,2,5779,
9/7/2009,0,5779,
9/8/2009,1,5780,
9/9/2009,2,5782,
9/10/2009,1,5783,
9/11/2009,4,5787,
9/12/2009,0,5787,
9/13/2009,1,5788,
9/14/2009,0,5788,
9/15/2009,2,5790,
9/16/2009,0,5790,
9/17/2009,2,5792,
9/18/2009,4,5796,
9/19/2009,3,5799,
9/20/2009,2,5801,
9/21/2009,2,5803,
9/22/2009,0,5803,
9/23/2009,1,5804,
9/24/2009,1,5805,
9/25/2009,1,5806,
9/26/2009,0,5806,
9/27/2009,3,5809,
9/28/2009,3,5812,
9/29/2009,0,5812,
9/30/2009,8,5820,
10/1/2009,0,5820,
10/2/2009,0,5820,
10/3/2009,1,5821,
10/4/2009,0,5821,
10/5/2009,0,5821,
10/6/2009,28,5849,
10/7/2009,10,5859,
10/8/2009,2,5861,
10/9/2009,7,5868,
10/10/2009,2,5870,
10/11/2009,0,5870,
10/12/2009,1,5871,
10/13/2009,2,5873,
10/14/2009,0,5873,
10/15/2009,1,5874,
10/16/2009,11,5885,
10/17/2009,2,5887,
10/18/2009,0,5887,
10/19/2009,3,5890,
10/20/2009,2,5892,
10/21/2009,0,5892,
10/22/2009,2,5894,
10/23/2009,2,5896,
10/24/2009,0,5896,
10/25/2009,0,5896,
10/26/2009,4,5900,
10/27/2009,1,5901,
10/28/2009,1,5902,
10/29/2009,15,5917,
10/30/2009,0,5917,
10/31/2009,8,5925,
11/1/2009,1,5926,
11/2/2009,0,5926,
11/3/2009,0,5926,
11/4/2009,2,5928,
11/5/2009,3,5931,
11/6/2009,1,5932,
11/7/2009,6,5938,
11/8/2009,2,5940,
11/9/2009,3,5943,
11/10/2009,1,5944,
11/11/2009,1,5945,
11/12/2009,3,5948,
11/13/2009,3,5951,
11/14/2009,1,5952,
11/15/2009,0,5952,
11/16/2009,0,5952,
11/17/2009,1,5953,
11/18/2009,0,5953,
11/19/2009,0,5953,
11/20/2009,1,5954,
11/21/2009,2,5956,
11/22/2009,2,5958,
11/23/2009,1,5959,
11/24/2009,0,5959,
11/25/2009,7,5966,
11/26/2009,3,5969,
11/27/2009,0,5969,
11/28/2009,0,5969,
11/29/2009,14,5983,
11/30/2009,2,5985,
12/1/2009,1,5986,
12/2/2009,1,5987,
12/3/2009,1,5988,
12/4/2009,1,5989,
12/5/2009,1,5990,
12/6/2009,2,5992,
12/7/2009,0,5992,
12/8/2009,0,5992,
12/9/2009,1,5993,
12/10/2009,0,5993,
12/11/2009,2,5995,
12/12/2009,0,5995,
12/13/2009,1,5996,
12/14/2009,1,5997,
12/15/2009,0,5997,
12/16/2009,2,5999,
12/17/2009,2,6001,
12/18/2009,0,6001,
12/19/2009,0,6001,
12/20/2009,0,6001,
12/21/2009,1,6002,
12/22/2009,1,6003,
12/23/2009,1,6004,
12/24/2009,0,6004,
12/25/2009,0,6004,
12/26/2009,0,6004,
12/27/2009,2,6006,
12/28/2009,0,6006,
12/29/2009,1,6007,
12/30/2009,0,6007,
12/31/2009,2,6009,
1/1/2010,3,6012,
1/2/2010,1,6013,
1/3/2010,2,6015,
1/4/2010,2,6017,
1/5/2010,7,6024,
1/6/2010,133,6157,
1/7/2010,17,6174,
1/8/2010,1,6175,
1/9/2010,0,6175,
1/10/2010,3,6178,
1/11/2010,0,6178,
1/12/2010,0,6178,
1/13/2010,1,6179,
1/14/2010,13,6192,
1/15/2010,1,6193,
1/16/2010,1,6194,
1/17/2010,3,6197,
1/18/2010,1,6198,
1/19/2010,3,6201,
1/20/2010,2,6203,
1/21/2010,24,6227,
1/22/2010,4,6231,
1/23/2010,0,6231,
1/24/2010,1,6232,
1/25/2010,2,6234,
1/26/2010,0,6234,
1/27/2010,2,6236,
1/28/2010,4,6240,
1/29/2010,0,6240,
1/30/2010,1,6241,
1/31/2010,4,6245,
2/1/2010,9,6254,
2/2/2010,5,6259,
2/3/2010,1,6260,
2/4/2010,0,6260,
2/5/2010,1,6261,
2/6/2010,1,6262,
2/7/2010,1,6263,
2/8/2010,2,6265,
2/9/2010,1,6266,
2/10/2010,0,6266,
2/11/2010,0,6266,
2/12/2010,0,6266,
2/13/2010,2,6268,
2/14/2010,0,6268,
2/15/2010,3,6271,
2/16/2010,1,6272,
2/17/2010,9,6281,
2/18/2010,8,6289,
2/19/2010,2,6291,
2/20/2010,2,6293,
2/21/2010,0,6293,
2/22/2010,2,6295,
2/23/2010,3,6298,
2/24/2010,0,6298,
2/25/2010,0,6298,
2/26/2010,2,6300,
2/27/2010,9,6309,
2/28/2010,1,6310,
3/1/2010,1,6311,
3/2/2010,3,6314,
3/3/2010,1,6315,
3/4/2010,0,6315,
3/5/2010,4,6319,
3/6/2010,0,6319,
3/7/2010,0,6319,
3/8/2010,3,6322,
3/9/2010,0,6322,
3/10/2010,1,6323,
3/11/2010,1,6324,
3/12/2010,0,6324,
3/13/2010,1,6325,
3/14/2010,1,6326,
3/15/2010,2,6328,
3/16/2010,1,6329,
3/17/2010,5,6334,
3/18/2010,1,6335,
3/19/2010,0,6335,
3/20/2010,0,6335,
3/21/2010,1,6336,
3/22/2010,4,6340,
3/23/2010,1,6341,
3/24/2010,1,6342,
3/25/2010,1,6343,
3/26/2010,0,6343,
3/27/2010,1,6344,
3/28/2010,1,6345,
3/29/2010,0,6345,
3/30/2010,15,6360,
3/31/2010,7,6367,
4/1/2010,0,6367,
4/2/2010,0,6367,
4/3/2010,0,6367,
4/4/2010,2,6369,
4/5/2010,1,6370,
4/6/2010,0,6370,
4/7/2010,0,6370,
4/8/2010,5,6375,
4/9/2010,1,6376,
4/10/2010,1,6377,
4/11/2010,0,6377,
4/12/2010,0,6377,
4/13/2010,2,6379,
4/14/2010,0,6379,
4/15/2010,2,6381,
4/16/2010,0,6381,
4/17/2010,0,6381,
4/18/2010,31,6412,
4/19/2010,18,6430,
4/20/2010,0,6430,
4/21/2010,1,6431,
4/22/2010,0,6431,
4/23/2010,0,6431,
4/24/2010,0,6431,
4/25/2010,3,6434,
4/26/2010,3,6437,
4/27/2010,3,6440,
4/28/2010,0,6440,
4/29/2010,2,6442,
4/30/2010,0,6442,
5/1/2010,2,6444,
5/2/2010,0,6444,
5/3/2010,5,6449,
5/4/2010,3,6452,
5/5/2010,1,6453,
5/6/2010,0,6453,
5/7/2010,1,6454,
5/8/2010,2,6456,
5/9/2010,0,6456,
5/10/2010,4,6460,
5/11/2010,0,6460,
5/12/2010,0,6460,
5/13/2010,0,6460,
5/14/2010,0,6460,
5/15/2010,3,6463,
5/16/2010,1,6464,
5/17/2010,0,6464,
5/18/2010,1,6465,
5/19/2010,0,6465,
5/20/2010,2,6467,
5/21/2010,1,6468,
5/22/2010,2,6470,
5/23/2010,3,6473,
5/24/2010,0,6473,
5/25/2010,5,6478,
5/26/2010,2,6480,
5/27/2010,2,6482,
5/28/2010,1,6483,
5/29/2010,1,6484,
5/30/2010,1,6485,
5/31/2010,3,6488,
6/1/2010,1,6489,
6/2/2010,1,6490,
6/3/2010,0,6490,
6/4/2010,1,6491,
6/5/2010,1,6492,
6/6/2010,1,6493,
6/7/2010,0,6493,
6/8/2010,35,6528,
6/9/2010,8,6536,
6/10/2010,7,6543,
6/11/2010,3,6546,
6/12/2010,2,6548,
6/13/2010,8,6556,
6/14/2010,5,6561,
6/15/2010,1,6562,
6/16/2010,0,6562,
6/17/2010,0,6562,
6/18/2010,1,6563,
6/19/2010,0,6563,
6/20/2010,0,6563,
6/21/2010,0,6563,
6/22/2010,0,6563,
6/23/2010,0,6563,
6/24/2010,2,6565,
6/25/2010,1,6566,
6/26/2010,2,6568,
6/27/2010,1,6569,
6/28/2010,1,6570,
6/29/2010,11,6581,
6/30/2010,1,6582,
7/1/2010,1,6583,
7/2/2010,0,6583,
7/3/2010,0,6583,
7/4/2010,7,6590,
7/5/2010,0,6590,
7/6/2010,4,6594,
7/7/2010,5,6599,
7/8/2010,2,6601,
7/9/2010,0,6601,
7/10/2010,3,6604,
7/11/2010,0,6604,
7/12/2010,2,6606,
7/13/2010,12,6618,
7/14/2010,2,6620,
7/15/2010,1,6621,
7/16/2010,2,6623,
7/17/2010,0,6623,
7/18/2010,0,6623,
7/19/2010,1,6624,
7/20/2010,1,6625,
7/21/2010,0,6625,
7/22/2010,1,6626,
7/23/2010,0,6626,
7/24/2010,0,6626,
7/25/2010,0,6626,
7/26/2010,5,6631,
7/27/2010,0,6631,
7/28/2010,0,6631,
7/29/2010,176,6807,
7/30/2010,19,6826,
7/31/2010,2,6828,
8/1/2010,8,6836,
8/2/2010,0,6836,
8/3/2010,2,6838,
8/4/2010,0,6838,
8/5/2010,2,6840,
8/6/2010,7,6847,
8/7/2010,1,6848,
8/8/2010,0,6848,
8/9/2010,0,6848,
8/10/2010,0,6848,
8/11/2010,0,6848,
8/12/2010,0,6848,
8/13/2010,4,6852,
8/14/2010,4,6856,
8/15/2010,0,6856,
8/16/2010,0,6856,
8/17/2010,0,6856,
8/18/2010,0,6856,
8/19/2010,0,6856,
8/20/2010,0,6856,
8/21/2010,0,6856,
8/22/2010,0,6856,
8/23/2010,0,6856,
8/24/2010,0,6856,
8/25/2010,2,6858,
8/26/2010,1,6859,
8/27/2010,0,6859,
8/28/2010,0,6859,
8/29/2010,0,6859,
8/30/2010,0,6859,
8/31/2010,0,6859,
9/1/2010,0,6859,
9/2/2010,8,6867,
9/3/2010,0,6867,
9/4/2010,0,6867,
9/5/2010,0,6867,
9/6/2010,0,6867,
9/7/2010,0,6867,
9/8/2010,1,6868,
9/9/2010,0,6868,
9/10/2010,0,6868,
9/11/2010,0,6868,
9/12/2010,0,6868,
9/13/2010,0,6868,
9/14/2010,0,6868,
9/15/2010,0,6868,
9/16/2010,0,6868,
9/17/2010,0,6868,
9/18/2010,2,6870,
9/19/2010,0,6870,
9/20/2010,0,6870,
9/21/2010,0,6870,
9/22/2010,0,6870,
9/23/2010,0,6870,
9/24/2010,0,6870,
9/25/2010,4,6874,
9/26/2010,0,6874,
9/27/2010,0,6874,
9/28/2010,6,6880,
9/29/2010,0,6880,
9/30/2010,0,6880,
10/1/2010,0,6880,
10/2/2010,0,6880,
10/3/2010,0,6880,
10/4/2010,0,6880,
10/5/2010,0,6880,
10/6/2010,0,6880,
10/7/2010,0,6880,
10/8/2010,0,6880,
10/9/2010,0,6880,
10/10/2010,0,6880,
10/11/2010,1,6881,
10/12/2010,1,6882,
10/13/2010,2,6884,
10/14/2010,0,6884,
10/15/2010,0,6884,
10/16/2010,0,6884,
10/17/2010,4,6888,
10/18/2010,0,6888,
10/19/2010,1,6889,
10/20/2010,0,6889,
10/21/2010,0,6889,
10/22/2010,0,6889,
10/23/2010,0,6889,
10/24/2010,0,6889,
10/25/2010,0,6889,
10/26/2010,1,6890,
10/27/2010,0,6890,
10/28/2010,0,6890,
10/29/2010,6,6896,
10/30/2010,0,6896,
10/31/2010,0,6896,
11/1/2010,2,6898,
11/2/2010,0,6898,
11/3/2010,2,6900,
11/4/2010,0,6900,
11/5/2010,0,6900,
11/6/2010,0,6900,
11/7/2010,2,6902,
11/8/2010,0,6902,
11/9/2010,2,6904,
11/10/2010,0,6904,
11/11/2010,0,6904,
11/12/2010,10,6914,
11/13/2010,42,6956,
11/14/2010,84,7040,
11/15/2010,11,7051,
11/16/2010,0,7051,
11/17/2010,0,7051,
11/18/2010,3,7054,
11/19/2010,0,7054,
11/20/2010,1,7055,
11/21/2010,11,7066,
11/22/2010,8,7074,
11/23/2010,17,7091,
11/24/2010,7,7098,
11/25/2010,1,7099,
11/26/2010,0,7099,
11/27/2010,2,7101,
11/28/2010,0,7101,
11/29/2010,1,7102,
11/30/2010,2,7104,
12/1/2010,1,7105,
12/2/2010,0,7105,
12/3/2010,0,7105,
12/4/2010,0,7105,
12/5/2010,0,7105,
12/6/2010,1,7106,
12/7/2010,1,7107,
12/8/2010,0,7107,
12/9/2010,2,7109,
12/10/2010,2,7111,
12/11/2010,0,7111,
12/12/2010,0,7111,
12/13/2010,0,7111,
12/14/2010,0,7111,
12/15/2010,1,7112,
12/16/2010,0,7112,
12/17/2010,0,7112,
12/18/2010,0,7112,
12/19/2010,0,7112,
12/20/2010,0,7112,
12/21/2010,0,7112,
12/22/2010,0,7112,
12/23/2010,0,7112,
12/24/2010,0,7112,
12/25/2010,0,7112,
12/26/2010,6,7118,
12/27/2010,14,7132,
12/28/2010,0,7132,
12/29/2010,0,7132,
12/30/2010,1,7133,
12/31/2010,1,7134,
1/1/2011,0,7134,
1/2/2011,3,7137,
1/3/2011,0,7137,
1/4/2011,0,7137,
1/5/2011,0,7137,
1/6/2011,1,7138,
1/7/2011,0,7138,
1/8/2011,0,7138,
1/9/2011,5,7143,
1/10/2011,0,7143,
1/11/2011,0,7143,
1/12/2011,0,7143,
1/13/2011,0,7143,
1/14/2011,29,7172,
1/15/2011,1,7173,
1/16/2011,0,7173,
1/17/2011,1,7174,
1/18/2011,0,7174,
1/19/2011,0,7174,
1/20/2011,0,7174,
1/21/2011,0,7174,
1/22/2011,0,7174,
1/23/2011,3,7177,
1/24/2011,0,7177,
1/25/2011,8,7185,
1/26/2011,4,7189,
1/27/2011,2,7191,
1/28/2011,1,7192,
1/29/2011,1,7193,
1/30/2011,0,7193,
1/31/2011,8,7201,
2/1/2011,80,7281,
2/2/2011,0,7281,
2/3/2011,0,7281,
2/4/2011,1,7282,
2/5/2011,0,7282,
2/6/2011,0,7282,
2/7/2011,4,7286,
2/8/2011,10,7296,
2/9/2011,42,7338,
2/10/2011,7,7345,
2/11/2011,17,7362,
2/12/2011,1,7363,
2/13/2011,0,7363,
2/14/2011,0,7363,
2/15/2011,1,7364,
2/16/2011,9,7373,
2/17/2011,35,7408,
2/18/2011,2,7410,
2/19/2011,0,7410,
2/20/2011,179,7589,
2/21/2011,35,7624,
2/22/2011,25,7649,
2/23/2011,2,7651,
2/24/2011,2,7653,
2/25/2011,1,7654,
2/26/2011,1,7655,
2/27/2011,0,7655,
2/28/2011,0,7655,
3/1/2011,1,7656,
3/2/2011,0,7656,
3/3/2011,0,7656,
3/4/2011,0,7656,
3/5/2011,0,7656,
3/6/2011,2,7658,
3/7/2011,0,7658,
3/8/2011,0,7658,
3/9/2011,101,7759,
3/10/2011,12,7771,
3/11/2011,2,7773,
3/12/2011,0,7773,
3/13/2011,0,7773,
3/14/2011,1,7774,
3/15/2011,0,7774,
3/16/2011,0,7774,
3/17/2011,41,7815,
3/18/2011,16,7831,
3/19/2011,0,7831,
3/20/2011,1,7832,
3/21/2011,2,7834,
3/22/2011,8,7842,
3/23/2011,5,7847,
3/24/2011,5,7852,
3/25/2011,1,7853,
3/26/2011,0,7853,
3/27/2011,0,7853,
3/28/2011,0,7853,
3/29/2011,0,7853,
3/30/2011,1,7854,
3/31/2011,0,7854,
4/1/2011,2,7856,
4/2/2011,2,7858,
4/3/2011,0,7858,
4/4/2011,0,7858,
4/5/2011,26,7884,
4/6/2011,7,7891,
4/7/2011,0,7891,
4/8/2011,13,7904,
4/9/2011,2,7906,
4/10/2011,0,7906,
4/11/2011,1,7907,
4/12/2011,14,7921,
4/13/2011,0,7921,
4/14/2011,0,7921,
4/15/2011,0,7921,
4/16/2011,0,7921,
4/17/2011,9,7930,
4/18/2011,50,7980,
4/19/2011,13,7993,
4/20/2011,45,8038,
4/21/2011,3,8041,
4/22/2011,0,8041,
4/23/2011,2,8043,
4/24/2011,1,8044,
4/25/2011,0,8044,
4/26/2011,15,8059,
4/27/2011,94,8153,
4/28/2011,36,8189,
4/29/2011,2,8191,
4/30/2011,9,8200,
5/1/2011,1,8201,
5/2/2011,76,8277,
5/3/2011,10,8287,
5/4/2011,35,8322,
5/5/2011,2,8324,
5/6/2011,286,8610,
5/7/2011,131,8741,
5/8/2011,537,9278,
5/9/2011,181,9459,
5/10/2011,10,9469,
5/11/2011,34,9503,
5/12/2011,8,9511,
5/13/2011,4,9515,
5/14/2011,0,9515,
5/15/2011,26,9541,
5/16/2011,15,9556,
5/17/2011,9,9565,
5/18/2011,10,9575,
5/19/2011,3,9578,
5/20/2011,4,9582,
5/21/2011,4,9586,
5/22/2011,16,9602,
5/23/2011,2,9604,
5/24/2011,0,9604,
5/25/2011,11,9615,
5/26/2011,4,9619,
5/27/2011,1,9620,
5/28/2011,0,9620,
5/29/2011,6,9626,
5/30/2011,0,9626,
5/31/2011,0,9626,
6/1/2011,4,9630,
6/2/2011,1,9631,
6/3/2011,67,9698,
6/4/2011,8,9706,
6/5/2011,10,9716,
6/6/2011,6,9722,
6/7/2011,18,9740,
6/8/2011,1,9741,
6/9/2011,13,9754,
6/10/2011,0,9754,
6/11/2011,1,9755,
6/12/2011,1,9756,
6/13/2011,11,9767,
6/14/2011,7,9774,
6/15/2011,14,9788,
6/16/2011,12,9800,
6/17/2011,8,9808,
6/18/2011,8,9816,
6/19/2011,2,9818,
6/20/2011,44,9862,
6/21/2011,59,9921,
6/22/2011,26,9947,
6/23/2011,41,9988,
6/24/2011,154,10142,
6/25/2011,19,10161,
6/26/2011,6,10167,
6/27/2011,21,10188,
6/28/2011,26,10214,
6/29/2011,5,10219,
6/30/2011,27,10246,
7/1/2011,45,10291,
7/2/2011,9,10300,
7/3/2011,2,10302,
7/4/2011,2,10304,
7/5/2011,2,10306,
7/6/2011,1,10307,
7/7/2011,88,10395,
7/8/2011,96,10491,
7/9/2011,40,10531,
7/10/2011,2,10533,
7/11/2011,0,10533,
7/12/2011,10,10543,
7/13/2011,2,10545,
7/14/2011,27,10572,
7/15/2011,2,10574,
7/16/2011,0,10574,
7/17/2011,1,10575,
7/18/2011,1,10576,
7/19/2011,0,10576,
7/20/2011,0,10576,
7/21/2011,2,10578,
7/22/2011,4,10582,
7/23/2011,0,10582,
7/24/2011,1,10583,
7/25/2011,11,10594,
7/26/2011,28,10622,
7/27/2011,2,10624,
7/28/2011,0,10624,
7/29/2011,0,10624,
7/30/2011,0,10624,
7/31/2011,0,10624,
8/1/2011,1,10625,
8/2/2011,0,10625,
8/3/2011,0,10625,
8/4/2011,2,10627,
8/5/2011,0,10627,
8/6/2011,4,10631,
8/7/2011,3,10634,
8/8/2011,0,10634,
8/9/2011,3,10637,
8/10/2011,0,10637,
8/11/2011,0,10637,
8/12/2011,0,10637,
8/13/2011,0,10637,
8/14/2011,1,10638,
8/15/2011,0,10638,
8/16/2011,0,10638,
8/17/2011,0,10638,
8/18/2011,2,10640,
8/19/2011,1,10641,
8/20/2011,0,10641,
8/21/2011,0,10641,
8/22/2011,0,10641,
8/23/2011,0,10641,
8/24/2011,7091,17732,
8/25/2011,1608,19340,
8/26/2011,196,19536,
8/27/2011,92,19628,
8/28/2011,61,19689,
8/29/2011,48,19737,
8/30/2011,45,19782,
8/31/2011,24,19806,
9/1/2011,12,19818,
9/2/2011,6,19824,
9/3/2011,29,19853,
9/4/2011,11,19864,
9/5/2011,5,19869,
9/6/2011,6,19875,
9/7/2011,4,19879,
9/8/2011,5,19884,
9/9/2011,3,19887,
9/10/2011,3,19890,
9/11/2011,1,19891,
9/12/2011,0,19891,
9/13/2011,3,19894,
9/14/2011,6,19900,
9/15/2011,0,19900,
9/16/2011,1,19901,
9/17/2011,0,19901,
9/18/2011,2,19903,
9/19/2011,1,19904,
9/20/2011,0,19904,
9/21/2011,2,19906,
9/22/2011,0,19906,
9/23/2011,0,19906,
9/24/2011,1,19907,
9/25/2011,2,19909,
9/26/2011,2,19911,
9/27/2011,1,19912,
9/28/2011,2,19914,
9/29/2011,0,19914,
9/30/2011,2,19916,
10/1/2011,0,19916,
10/2/2011,0,19916,
10/3/2011,2,19918,
10/4/2011,3,19921,
10/5/2011,0,19921,
10/6/2011,0,19921,
10/7/2011,4,19925,
10/8/2011,0,19925,
10/9/2011,2,19927,
10/10/2011,2,19929,
10/11/2011,2,19931,
10/12/2011,0,19931,
10/13/2011,4,19935,
10/14/2011,24,19959,
10/15/2011,1,19960,
10/16/2011,2,19962,
10/17/2011,42,20004,
10/18/2011,39,20043,
10/19/2011,6,20049,
10/20/2011,2,20051,
10/21/2011,2,20053,
10/22/2011,0,20053,
10/23/2011,2,20055,
10/24/2011,4,20059,
10/25/2011,0,20059,
10/26/2011,0,20059,
10/27/2011,0,20059,
10/28/2011,0,20059,
10/29/2011,1,20060,
10/30/2011,1,20061,
10/31/2011,1,20062,
11/1/2011,3,20065,
11/2/2011,2,20067,
11/3/2011,8,20075,
11/4/2011,1,20076,
11/5/2011,0,20076,
11/6/2011,18,20094,
11/7/2011,1,20095,
11/8/2011,7,20102,
11/9/2011,1,20103,
11/10/2011,0,20103,
11/11/2011,0,20103,
11/12/2011,1,20104,
11/13/2011,0,20104,
11/14/2011,0,20104,
11/15/2011,1,20105,
11/16/2011,6,20111,
11/17/2011,20,20131,
11/18/2011,0,20131,
11/19/2011,0,20131,
11/20/2011,0,20131,
11/21/2011,1,20132,
11/22/2011,0,20132,
11/23/2011,0,20132,
11/24/2011,0,20132,
11/25/2011,0,20132,
11/26/2011,0,20132,
11/27/2011,2,20134,
11/28/2011,0,20134,
11/29/2011,2,20136,
11/30/2011,0,20136,
12/1/2011,0,20136,
12/2/2011,8,20144,
12/3/2011,4,20148,
12/4/2011,0,20148,
12/5/2011,31,20179,
12/6/2011,2,20181,
12/7/2011,1,20182,
12/8/2011,8,20190,
12/9/2011,2,20192,
12/10/2011,0,20192,
12/11/2011,1,20193,
12/12/2011,2,20195,
12/13/2011,0,20195,
12/14/2011,0,20195,
12/15/2011,3,20198,
12/16/2011,4,20202,
12/17/2011,2,20204,
12/18/2011,1,20205,
12/19/2011,3,20208,
12/20/2011,0,20208,
12/21/2011,0,20208,
12/22/2011,0,20208,
12/23/2011,0,20208,
12/24/2011,1,20209,
12/25/2011,0,20209,
12/26/2011,0,20209,
12/27/2011,1,20210,
12/28/2011,8,20218,
12/29/2011,29,20247,
12/30/2011,9,20256,
12/31/2011,4,20260,
1/1/2012,1,20261,
1/2/2012,0,20261,
1/3/2012,462,20723,
1/4/2012,105,20828,
1/5/2012,36,20864,
1/6/2012,4,20868,
1/7/2012,1,20869,
1/8/2012,0,20869,
1/9/2012,0,20869,
1/10/2012,2,20871,
1/11/2012,48,20919,
1/12/2012,3,20922,
1/13/2012,4,20926,
1/14/2012,1,20927,
1/15/2012,3,20930,
1/16/2012,2,20932,
1/17/2012,4,20936,
1/18/2012,0,20936,
1/19/2012,1,20937,
1/20/2012,1,20938,
1/21/2012,3,20941,
1/22/2012,2,20943,
1/23/2012,2,20945,
1/24/2012,1,20946,
1/25/2012,0,20946,
1/26/2012,0,20946,
1/27/2012,1,20947,
1/28/2012,1,20948,
1/29/2012,58,21006,
1/30/2012,1,21007,
1/31/2012,2,21009,
2/1/2012,1,21010,
2/2/2012,1,21011,
2/3/2012,0,21011,
2/4/2012,5,21016,
2/5/2012,2,21018,
2/6/2012,4535,25553,
2/7/2012,67116,92669,
2/8/2012,8716,101385,
2/9/2012,1201,102586,
2/10/2012,546,103132,
2/11/2012,268,103400,
2/12/2012,227,103627,
2/13/2012,150,103777,
2/14/2012,125,103902,
2/15/2012,102,104004,
2/16/2012,95,104099,
2/17/2012,73,104172,
2/18/2012,34,104206,
2/19/2012,42,104248,
2/20/2012,36,104284,
2/21/2012,59,104343,
2/22/2012,32,104375,
2/23/2012,38,104413,
2/24/2012,29,104442,
2/25/2012,78,104520,
2/26/2012,27,104547,
2/27/2012,35,104582,
2/28/2012,49,104631,
2/29/2012,24,104655,
3/1/2012,14,104669,
3/2/2012,15,104684,
3/3/2012,89,104773,
3/4/2012,45,104818,
3/5/2012,32,104850,
3/6/2012,11,104861,
3/7/2012,9,104870,
3/8/2012,14,104884,
3/9/2012,13,104897,
3/10/2012,8,104905,
3/11/2012,19,104924,
3/12/2012,13,104937,
3/13/2012,32,104969,
3/14/2012,17,104986,
3/15/2012,84,105070,
3/16/2012,25,105095,
3/17/2012,8,105103,
3/18/2012,14,105117,
3/19/2012,10,105127,
3/20/2012,14,105141,
3/21/2012,16,105157,
3/22/2012,6,105163,
3/23/2012,14,105177,
3/24/2012,12,105189,
3/25/2012,13,105202,
3/26/2012,78,105280,
3/27/2012,66,105346,
3/28/2012,38,105384,
3/29/2012,24,105408,
3/30/2012,9,105417,
3/31/2012,8,105425,
4/1/2012,23,105448,
4/2/2012,16,105464,
4/3/2012,9,105473,
4/4/2012,10,105483,
4/5/2012,5,105488,
4/6/2012,57,105545,
4/7/2012,15,105560,
4/8/2012,8,105568,
4/9/2012,14,105582,
4/10/2012,10,105592,
4/11/2012,11,105603,
4/12/2012,8,105611,
4/13/2012,8,105619,
4/14/2012,8,105627,
4/15/2012,4,105631,
4/16/2012,9,105640,
4/17/2012,15,105655,
4/18/2012,7,105662,
4/19/2012,65,105727,
4/20/2012,8,105735,
4/21/2012,8,105743,
4/22/2012,4,105747,
4/23/2012,8,105755,
4/24/2012,4,105759,
4/25/2012,8,105767,
4/26/2012,6,105773,
4/27/2012,5,105778,
4/28/2012,4,105782,
4/29/2012,5,105787,
4/30/2012,37,105824,
5/1/2012,38,105862,
5/2/2012,3,105865,
5/3/2012,8,105873,
5/4/2012,2897,108770,
5/5/2012,355,109125,
5/6/2012,43,109168,
5/7/2012,34,109202,
5/8/2012,22,109224,
5/9/2012,13,109237,
5/10/2012,5,109242,
5/11/2012,9,109251,
5/12/2012,5,109256,
5/13/2012,53,109309,
5/14/2012,10,109319,
5/15/2012,4,109323,
5/16/2012,4,109327,
5/17/2012,10,109337,
5/18/2012,9,109346,
5/19/2012,6,109352,
5/20/2012,1,109353,
5/21/2012,62,109415,
5/22/2012,22,109437,
5/23/2012,19,109456,
5/24/2012,7,109463,
5/25/2012,3,109466,
5/26/2012,3,109469,
5/27/2012,8,109477,
5/28/2012,79,109556,
5/29/2012,77,109633,
5/30/2012,281,109914,
5/31/2012,77,109991,
6/1/2012,15,110006,
6/2/2012,15,110021,
6/3/2012,12,110033,
6/4/2012,19,110052,
6/5/2012,23,110075,
6/6/2012,8,110083,
6/7/2012,10,110093,
6/8/2012,9,110102,
6/9/2012,5,110107,
6/10/2012,9,110116,
6/11/2012,50,110166,
6/12/2012,194,110360,
6/13/2012,23,110383,
6/14/2012,10,110393,
6/15/2012,2,110395,
6/16/2012,9,110404,
6/17/2012,5,110409,
6/18/2012,7,110416,
6/19/2012,3,110419,
6/20/2012,19,110438,
6/21/2012,11,110449,
6/22/2012,5,110454,
6/23/2012,9,110463,
6/24/2012,8,110471,
6/25/2012,41,110512,
6/26/2012,18,110530,
6/27/2012,10,110540,
6/28/2012,6,110546,
6/29/2012,2,110548,
6/30/2012,2,110550,
7/1/2012,1,110551,
7/2/2012,2,110553,
7/3/2012,7,110560,
7/4/2012,4,110564,
7/5/2012,43,110607,
7/6/2012,20,110627,
7/7/2012,101,110728,
7/8/2012,15,110743,
7/9/2012,5,110748,
7/10/2012,83,110831,
7/11/2012,8,110839,
7/12/2012,6,110845,
7/13/2012,7,110852,
7/14/2012,7,110859,
7/15/2012,6,110865,
7/16/2012,9,110874,
7/17/2012,12,110886,
7/18/2012,15,110901,
7/19/2012,14,110915,
7/20/2012,6,110921,
7/21/2012,66,110987,
7/22/2012,7,110994,
7/23/2012,4,110998,
7/24/2012,2,111000,
7/25/2012,38,111038,
7/26/2012,8,111046,
7/27/2012,7,111053,
7/28/2012,5,111058,
7/29/2012,1,111059,
7/30/2012,10,111069,
7/31/2012,4,111073,
8/1/2012,0,111073,
8/2/2012,1,111074,
8/3/2012,3,111077,
8/4/2012,3,111080,
8/5/2012,19,111099,
8/6/2012,4,111103,
8/7/2012,56,111159,
8/8/2012,6,111165,
8/9/2012,4,111169,
8/10/2012,2,111171,
8/11/2012,6,111177,
8/12/2012,3,111180,
8/13/2012,5,111185,
8/14/2012,8,111193,
8/15/2012,5,111198,
8/16/2012,11,111209,
8/17/2012,4,111213,
8/18/2012,63,111276,
8/19/2012,4,111280,
8/20/2012,7,111287,
8/21/2012,3,111290,
8/22/2012,42,111332,
8/23/2012,17,111349,
8/24/2012,40,111389,
8/25/2012,10,111399,
8/26/2012,4,111403,
8/27/2012,8,111411,
8/28/2012,2,111413,
8/29/2012,11,111424,
8/30/2012,54,111478,
8/31/2012,18,111496,
9/1/2012,4,111500,
9/2/2012,2,111502,
9/3/2012,6,111508,
9/4/2012,8,111516,
9/5/2012,47,111563,
9/6/2012,20,111583,
9/7/2012,11,111594,
9/8/2012,4,111598,
9/9/2012,61,111659,
9/10/2012,4,111663,
9/11/2012,41,111704,
9/12/2012,30,111734,
9/13/2012,7,111741,
9/14/2012,76,111817,
9/15/2012,123,111940,
9/16/2012,6,111946,
9/17/2012,8,111954,
9/18/2012,35,111989,
9/19/2012,41,112030,
9/20/2012,4,112034,
9/21/2012,0,112034,
9/22/2012,0,112034,
9/23/2012,4,112038,
9/24/2012,75,112113,
9/25/2012,55,112168,
9/26/2012,13,112181,
9/27/2012,8,112189,
9/28/2012,3,112192,
9/29/2012,93,112285,
9/30/2012,17,112302,
10/1/2012,3,112305,
10/2/2012,5,112310,
10/3/2012,0,112310,
10/4/2012,1,112311,
10/5/2012,2,112313,
10/6/2012,55,112368,
10/7/2012,18,112386,
10/8/2012,10,112396,
10/9/2012,12,112408,
10/10/2012,10,112418,
10/11/2012,0,112418,
10/12/2012,1,112419,
10/13/2012,3,112422,
10/14/2012,1,112423,
10/15/2012,7,112430,
10/16/2012,36,112466,
10/17/2012,23,112489,
10/18/2012,6,112495,
10/19/2012,3,112498,
10/20/2012,8,112506,
10/21/2012,60,112566,
10/22/2012,13,112579,
10/23/2012,8,112587,
10/24/2012,11,112598,
10/25/2012,14,112612,
10/26/2012,17,112629,
10/27/2012,9,112638,
10/28/2012,58,112696,
10/29/2012,14,112710,
10/30/2012,4,112714,
10/31/2012,9,112723,
11/1/2012,2,112725,
11/2/2012,65,112790,
11/3/2012,7,112797,
11/4/2012,4,112801,
11/5/2012,23,112824,
11/6/2012,51,112875,
11/7/2012,20,112895,
11/8/2012,12,112907,
11/9/2012,11,112918,
11/10/2012,1,112919,
11/11/2012,3,112922,
11/12/2012,45,112967,
11/13/2012,5,112972,
11/14/2012,2,112974,
11/15/2012,4,112978,
11/16/2012,6,112984,
11/17/2012,3,112987,
11/18/2012,3,112990,
11/19/2012,5,112995,
11/20/2012,37,113032,
11/21/2012,19,113051,
11/22/2012,70,113121,
11/23/2012,6,113127,
11/24/2012,4,113131,
11/25/2012,2,113133,
11/26/2012,3,113136,
11/27/2012,2,113138,
11/28/2012,1,113139,
11/29/2012,3,113142,
11/30/2012,108,113250,
12/1/2012,13,113263,
12/2/2012,68,113331,
12/3/2012,2,113333,
12/4/2012,3,113336,
12/5/2012,10,113346,
12/6/2012,11,113357,
12/7/2012,15,113372,
12/8/2012,4,113376,
12/9/2012,41,113417,
12/10/2012,41,113458,
12/11/2012,9,113467,
12/12/2012,8,113475,
12/13/2012,41,113516,
12/14/2012,36,113552,
12/15/2012,8,113560,
12/16/2012,14,113574,
12/17/2012,42,113616,
12/18/2012,12,113628,
12/19/2012,11,113639,
12/20/2012,5,113644,
12/21/2012,2,113646,
12/22/2012,67,113713,
12/23/2012,39,113752,
12/24/2012,23,113775,
12/25/2012,1,113776,
12/26/2012,3,113779,
12/27/2012,4,113783,
12/28/2012,4,113787,
12/29/2012,8,113795,
12/30/2012,4,113799,
12/31/2012,6,113805,
1/1/2013,47,113852,
1/2/2013,4,113856,
1/3/2013,41,113897,
1/4/2013,20,113917,
1/5/2013,10,113927,
1/6/2013,13,113940,
1/7/2013,10,113950,
1/8/2013,3,113953,
1/9/2013,54,114007,
1/10/2013,161,114168,
1/11/2013,253,114421,
1/12/2013,29,114450,
1/13/2013,6,114456,
1/14/2013,193,114649,
1/15/2013,91,114740,
1/16/2013,28,114768,
1/17/2013,7,114775,
1/18/2013,49,114824,
1/19/2013,20,114844,
1/20/2013,17,114861,
1/21/2013,103,114964,
1/22/2013,29,114993,
1/23/2013,46,115039,
1/24/2013,2,115041,
1/25/2013,1,115042,
1/26/2013,98,115140,
1/27/2013,4,115144,
1/28/2013,62,115206,
1/29/2013,70,115276,
1/30/2013,65,115341,
1/31/2013,908,116249,
2/1/2013,2226,118475,
2/2/2013,106,118581,
2/3/2013,61,118642,
2/4/2013,129,118771,
2/5/2013,25,118796,
2/6/2013,11,118807,
2/7/2013,1,118808,
2/8/2013,3,118811,
2/9/2013,2,118813,
2/10/2013,5,118818,
2/11/2013,1,118819,
2/12/2013,4,118823,
2/13/2013,39,118862,
2/14/2013,34,118896,
2/15/2013,38,118934,
2/16/2013,51,118985,
2/17/2013,50,119035,
2/18/2013,30,119065,
2/19/2013,14,119079,
2/20/2013,20,119099,
2/21/2013,20,119119,
2/22/2013,38,119157,
2/23/2013,53,119210,
2/24/2013,23,119233,
2/25/2013,65,119298,
2/26/2013,27,119325,
2/27/2013,37,119362,
2/28/2013,66,119428,
3/1/2013,27,119455,
3/2/2013,40,119495,
3/3/2013,33,119528,
3/4/2013,50,119578,
3/5/2013,67,119645,
3/6/2013,40,119685,
3/7/2013,30,119715,
3/8/2013,36,119751,
3/9/2013,68,119819,
3/10/2013,76,119895,
3/11/2013,102,119997,
3/12/2013,80,120077,
3/13/2013,48,120125,
3/14/2013,41,120166,
3/15/2013,29,120195,
3/16/2013,24,120219,
3/17/2013,46,120265,
3/18/2013,36,120301,
3/19/2013,22,120323,
3/20/2013,36,120359,
3/21/2013,33,120392,
3/22/2013,33,120425,
3/23/2013,17,120442,
3/24/2013,21,120463,
3/25/2013,18,120481,
3/26/2013,30,120511,
3/27/2013,40,120551,
3/28/2013,35,120586,
3/29/2013,6,120592,
3/30/2013,0,120592,
3/31/2013,0,120592,
4/1/2013,5,120597,
4/2/2013,5,120602,
4/3/2013,0,120602,
4/4/2013,1,120603,
4/5/2013,1,120604,
4/6/2013,0,120604,
4/7/2013,0,120604,
4/8/2013,1,120605,
4/9/2013,1,120606,
4/10/2013,0,120606,
4/11/2013,0,120606,
4/12/2013,0,120606,
4/13/2013,0,120606,
4/14/2013,0,120606,
4/15/2013,0,120606,
4/16/2013,0,120606,
4/17/2013,0,120606,
4/18/2013,0,120606,
4/19/2013,10,120616,
4/20/2013,4,120620,
4/21/2013,1,120621,
4/22/2013,1,120622,
4/23/2013,1,120623,
4/24/2013,2,120625,
4/25/2013,0,120625,
4/26/2013,0,120625,
4/27/2013,0,120625,
4/28/2013,0,120625,
4/29/2013,1,120626,
4/30/2013,0,120626,
5/1/2013,0,120626,
5/2/2013,1,120627,
5/3/2013,0,120627,
5/4/2013,0,120627,
5/5/2013,4,120631,
5/6/2013,2,120633,
5/7/2013,1,120634,
5/8/2013,4,120638,
5/9/2013,1,120639,
5/10/2013,0,120639,
5/11/2013,0,120639,
5/12/2013,0,120639,
5/13/2013,0,120639,
5/14/2013,2,120641,
5/15/2013,0,120641,
5/16/2013,0,120641,
5/17/2013,4,120645,
5/18/2013,1,120646,
5/19/2013,1,120647,
5/20/2013,1,120648,
5/21/2013,0,120648,
5/22/2013,1,120649,
5/23/2013,1,120650,
5/24/2013,0,120650,
5/25/2013,0,120650,
5/26/2013,1,120651,
5/27/2013,0,120651,
5/28/2013,0,120651,
5/29/2013,0,120651,
5/30/2013,1,120652,
5/31/2013,8,120660,
6/1/2013,7,120667,
6/2/2013,8,120675,
6/3/2013,2,120677,
6/4/2013,1,120678,
6/5/2013,7,120685,
6/6/2013,0,120685,
6/7/2013,0,120685,
6/8/2013,53,120738,
6/9/2013,61,120799,
6/10/2013,18,120817,
6/11/2013,10,120827,
6/12/2013,1,120828,
6/13/2013,0,120828,
6/14/2013,0,120828,
6/15/2013,73,120901,
6/16/2013,2,120903,
6/17/2013,9,120912,
6/18/2013,5,120917,
6/19/2013,5,120922,
6/20/2013,6,120928,
6/21/2013,4,120932,
6/22/2013,0,120932,
6/23/2013,2,120934,
6/24/2013,7,120941,
6/25/2013,0,120941,
6/26/2013,25,120966,
6/27/2013,15,120981,
6/28/2013,4,120985,
6/29/2013,1,120986,
6/30/2013,27,121013,
7/1/2013,35,121048,
7/2/2013,5,121053,
7/3/2013,1106,122159,
7/4/2013,239,122398,
7/5/2013,18,122416,
7/6/2013,8,122424,
7/7/2013,4,122428,
7/8/2013,2,122430,
7/9/2013,4,122434,
7/10/2013,0,122434,
7/11/2013,0,122434,
7/12/2013,3,122437,
7/13/2013,2,122439,
7/14/2013,0,122439,
7/15/2013,0,122439,
7/16/2013,6,122445,
7/17/2013,15,122460,
7/18/2013,0,122460,
7/19/2013,1,122461,
7/20/2013,6,122467,
7/21/2013,1,122468,
7/22/2013,1,122469,
7/23/2013,0,122469,
7/24/2013,0,122469,
7/25/2013,1,122470,
7/26/2013,0,122470,
7/27/2013,1,122471,
7/28/2013,60,122531,
7/29/2013,22,122553,
7/30/2013,7,122560,
7/31/2013,5,122565,
8/1/2013,0,122565,
8/2/2013,0,122565,
8/3/2013,0,122565,
8/4/2013,0,122565,
8/5/2013,0,122565,
8/6/2013,1,122566,
8/7/2013,5,122571,
8/8/2013,2,122573,
8/9/2013,0,122573,
8/10/2013,0,122573,
8/11/2013,0,122573,
8/12/2013,1,122574,
8/13/2013,0,122574,
8/14/2013,0,122574,
8/15/2013,0,122574,
8/16/2013,0,122574,
8/17/2013,0,122574,
8/18/2013,0,122574,
8/19/2013,0,122574,
8/20/2013,1,122575,
8/21/2013,10,122585,
8/22/2013,10,122595,
8/23/2013,4,122599,
8/24/2013,3,122602,
8/25/2013,15,122617,
8/26/2013,13,122630,
8/27/2013,2,122632,
8/28/2013,0,122632,
8/29/2013,0,122632,
8/30/2013,0,122632,
8/31/2013,0,122632,
9/1/2013,1,122633,
9/2/2013,1,122634,
9/3/2013,0,122634,
9/4/2013,1,122635,
9/5/2013,5,122640,
9/6/2013,0,122640,
9/7/2013,0,122640,
9/8/2013,0,122640,
9/9/2013,0,122640,
9/10/2013,1,122641,
9/11/2013,0,122641,
9/12/2013,4,122645,
9/13/2013,5,122650,
9/14/2013,13,122663,
9/15/2013,1,122664,
9/16/2013,10,122674,
9/17/2013,11,122685,
9/18/2013,17,122702,
9/19/2013,4,122706,
9/20/2013,0,122706,
9/21/2013,0,122706,
9/22/2013,1,122707,
9/23/2013,3,122710,
9/24/2013,0,122710,
9/25/2013,0,122710,
9/26/2013,0,122710,
9/27/2013,0,122710,
9/28/2013,0,122710,
9/29/2013,1,122711,
9/30/2013,0,122711,
10/1/2013,0,122711,
10/2/2013,0,122711,
10/3/2013,0,122711,
10/4/2013,0,122711,
10/5/2013,0,122711,
10/6/2013,1,122712,
10/7/2013,0,122712,
10/8/2013,2,122714,
10/9/2013,7,122721,
10/10/2013,5,122726,
10/11/2013,0,122726,
10/12/2013,0,122726,
10/13/2013,1,122727,
10/14/2013,1,122728,
10/15/2013,3,122731,
10/16/2013,19,122750,
10/17/2013,0,122750,
10/18/2013,0,122750,
10/19/2013,0,122750,
10/20/2013,1,122751,
10/21/2013,0,122751,
10/22/2013,0,122751,
10/23/2013,0,122751,
10/24/2013,0,122751,
10/25/2013,0,122751,
10/26/2013,0,122751,
10/27/2013,0,122751,
10/28/2013,0,122751,
10/29/2013,0,122751,
10/30/2013,17,122768,
10/31/2013,4,122772,
11/1/2013,2,122774,
11/2/2013,0,122774,
11/3/2013,0,122774,
11/4/2013,0,122774,
11/5/2013,0,122774,
11/6/2013,0,122774,
11/7/2013,3,122777,
11/8/2013,1,122778,
11/9/2013,0,122778,
11/10/2013,0,122778,
11/11/2013,1,122779,
11/12/2013,0,122779,
11/13/2013,0,122779,
11/14/2013,0,122779,
11/15/2013,0,122779,
11/16/2013,1,122780,
11/17/2013,0,122780,
11/18/2013,0,122780,
11/19/2013,0,122780,
11/20/2013,0,122780,
11/21/2013,0,122780,
11/22/2013,0,122780,
11/23/2013,0,122780,
11/24/2013,4,122784,
11/25/2013,5,122789,
11/26/2013,320,123109,
11/27/2013,6,123115,
11/28/2013,5,123120,
11/29/2013,2,123122,
11/30/2013,0,123122,
12/1/2013,0,123122,
12/2/2013,2,123124,
12/3/2013,0,123124,
12/4/2013,8,123132,
12/5/2013,0,123132,
12/6/2013,0,123132,
12/7/2013,0,123132,
12/8/2013,0,123132,
12/9/2013,0,123132,
12/10/2013,2,123134,
12/11/2013,5,123139,
12/12/2013,0,123139,
12/13/2013,0,123139,
12/14/2013,0,123139,
12/15/2013,0,123139,
12/16/2013,0,123139,
12/17/2013,2,123141,
12/18/2013,0,123141,
12/19/2013,7,123148,
12/20/2013,0,123148,
12/21/2013,0,123148,
12/22/2013,0,123148,
12/23/2013,0,123148,
12/24/2013,0,123148,
12/25/2013,0,123148,
12/26/2013,0,123148,
12/27/2013,0,123148,
12/28/2013,1,123149,
12/29/2013,0,123149,
12/30/2013,0,123149,
12/31/2013,0,123149,
1/1/2014,29,123178,
1/2/2014,13,123191,
1/3/2014,40,123231,
1/4/2014,39,123270,
1/5/2014,80,123350,
1/6/2014,75,123425,
1/7/2014,24,123449,
1/8/2014,27,123476,
1/9/2014,23,123499,
1/10/2014,40,123539,
1/11/2014,44,123583,
1/12/2014,33,123616,
1/13/2014,24,123640,
1/14/2014,23,123663,
1/15/2014,42,123705,
1/16/2014,66,123771,
1/17/2014,54,123825,
1/18/2014,34,123859,
1/19/2014,73,123932,
1/20/2014,50,123982,
1/21/2014,61,124043,
1/22/2014,68,124111,
1/23/2014,79,124190,
1/24/2014,81,124271,
1/25/2014,58,124329,
1/26/2014,58,124387,
1/27/2014,69,124456,
1/28/2014,41,124497,
1/29/2014,90,124587,
1/30/2014,83,124670,
1/31/2014,103,124773,
2/1/2014,49,124822,
2/2/2014,78,124900,
2/3/2014,59,124959,
2/4/2014,25,124984,
2/5/2014,10,124994,
2/6/2014,27,125021,
2/7/2014,14,125035,
2/8/2014,24,125059,
2/9/2014,18,125077,
2/10/2014,6,125083,
2/11/2014,3,125086,
2/12/2014,6,125092,
2/13/2014,3,125095,
2/14/2014,12,125107,
2/15/2014,3,125110,
2/16/2014,1,125111,
2/17/2014,17,125128,
2/18/2014,7,125135,
2/19/2014,0,125135,
2/20/2014,1,125136,
2/21/2014,4,125140,
2/22/2014,4,125144,
2/23/2014,0,125144,
2/24/2014,1,125145,
2/25/2014,1,125146,
2/26/2014,4,125150,
2/27/2014,9,125159,
2/28/2014,4,125163,
3/1/2014,3,125166,
3/2/2014,3,125169,
3/3/2014,4,125173,
3/4/2014,8,125181,
3/5/2014,8,125189,
3/6/2014,55,125244,
3/7/2014,8,125252,
3/8/2014,4,125256,
3/9/2014,3,125259,
3/10/2014,4,125263,
3/11/2014,24,125287,
3/12/2014,13,125300,
3/13/2014,11,125311,
3/14/2014,11,125322,
3/15/2014,4,125326,
3/16/2014,45,125371,
3/17/2014,52,125423,
3/18/2014,6,125429,
3/19/2014,0,125429,
3/20/2014,2,125431,
3/21/2014,3,125434,
3/22/2014,0,125434,
3/23/2014,1,125435,
3/24/2014,4,125439,
3/25/2014,0,125439,
3/26/2014,0,125439,
3/27/2014,2,125441,
3/28/2014,0,125441,
3/29/2014,0,125441,
3/30/2014,1,125442,
3/31/2014,2,125444,
4/1/2014,2,125446,
4/2/2014,1,125447,
4/3/2014,5,125452,
4/4/2014,5,125457,
4/5/2014,2,125459,
4/6/2014,1,125460,
4/7/2014,4,125464,
4/8/2014,6,125470,
4/9/2014,12,125482,
4/10/2014,994,126476,
4/11/2014,121,126597,
4/12/2014,56,126653,
4/13/2014,9,126662,
4/14/2014,10,126672,
4/15/2014,2,126674,
4/16/2014,6,126680,
4/17/2014,3,126683,
4/18/2014,1,126684,
4/19/2014,0,126684,
4/20/2014,2,126686,
4/21/2014,2,126688,
4/22/2014,6,126694,
4/23/2014,5,126699,
4/24/2014,4,126703,
4/25/2014,4,126707,
4/26/2014,3,126710,
4/27/2014,5,126715,
4/28/2014,2,126717,
4/29/2014,1,126718,
4/30/2014,1,126719,
5/1/2014,0,126719,
5/2/2014,2,126721,
5/3/2014,2,126723,
5/4/2014,9,126732,
5/5/2014,6,126738,
5/6/2014,3,126741,
5/7/2014,6,126747,
5/8/2014,17,126764,
5/9/2014,5,126769,
5/10/2014,8,126777,
5/11/2014,6,126783,
5/12/2014,3,126786,
5/13/2014,4,126790,
5/14/2014,10,126800,
5/15/2014,3,126803,
5/16/2014,5,126808,
5/17/2014,2,126810,
5/18/2014,6,126816,
5/19/2014,12,126828,
5/20/2014,8,126836,
5/21/2014,3,126839,
5/22/2014,2,126841,
5/23/2014,4,126845,
5/24/2014,2,126847,
5/25/2014,12,126859,
5/26/2014,13,126872,
5/27/2014,30,126902,
5/28/2014,12,126914,
5/29/2014,65,126979,
5/30/2014,35,127014,
5/31/2014,6,127020,
6/1/2014,11,127031,
6/2/2014,23,127054,
6/3/2014,33,127087,
6/4/2014,51,127138,
6/5/2014,6,127144,
6/6/2014,390,127534,
6/7/2014,35,127569,
6/8/2014,17,127586,
6/9/2014,9,127595,
6/10/2014,3,127598,
6/11/2014,3,127601,
6/12/2014,2,127603,
6/13/2014,2,127605,
6/14/2014,2,127607,
6/15/2014,2,127609,
6/16/2014,1,127610,
6/17/2014,1,127611,
6/18/2014,1,127612,
6/19/2014,2,127614,
6/20/2014,6,127620,
6/21/2014,4,127624,
6/22/2014,1,127625,
6/23/2014,0,127625,
6/24/2014,2,127627,
6/25/2014,4,127631,
6/26/2014,19,127650,
6/27/2014,19,127669,
6/28/2014,34,127703,
6/29/2014,35,127738,
6/30/2014,14,127752,
7/1/2014,40,127792,
7/2/2014,17,127809,
7/3/2014,13,127822,
7/4/2014,26,127848,
7/5/2014,20,127868,
7/6/2014,27,127895,
7/7/2014,20,127915,
7/8/2014,32,127947,
7/9/2014,18,127965,
7/10/2014,9,127974,
7/11/2014,16,127990,
7/12/2014,10,128000,
7/13/2014,13,128013,
7/14/2014,4,128017,
7/15/2014,22,128039,
7/16/2014,12,128051,
7/17/2014,21,128072,
7/18/2014,14,128086,
7/19/2014,15,128101,
7/20/2014,7,128108,
7/21/2014,21,128129,
7/22/2014,28,128157,
7/23/2014,17,128174,
7/24/2014,8,128182,
7/25/2014,0,128182,
7/26/2014,4,128186,
7/27/2014,1,128187,
7/28/2014,1,128188,
7/29/2014,1,128189,
7/30/2014,0,128189,
7/31/2014,2,128191,
8/1/2014,10,128201,
8/2/2014,4,128205,
8/3/2014,2,128207,
8/4/2014,2,128209,
8/5/2014,3,128212,
8/6/2014,10,128222,
8/7/2014,25,128247,
8/8/2014,4,128251,
8/9/2014,3,128254,
8/10/2014,1,128255,
8/11/2014,19,128274,
8/12/2014,219,128493,
8/13/2014,0,128493,
8/14/2014,5,128498,
8/15/2014,1,128499,
8/16/2014,6,128505,
8/17/2014,13,128518,
8/18/2014,2,128520,
8/19/2014,3,128523,
8/20/2014,2,128525,
8/21/2014,0,128525,
8/22/2014,339,128864,
8/23/2014,73,128937,
8/24/2014,23,128960,
8/25/2014,30,128990,
8/26/2014,26,129016,
8/27/2014,12,129028,
8/28/2014,14,129042,
8/29/2014,8,129050,
8/30/2014,10,129060,
8/31/2014,13,129073,
9/1/2014,13,129086,
9/2/2014,7,129093,
9/3/2014,6,129099,
9/4/2014,93,129192,
9/5/2014,17,129209,
9/6/2014,8,129217,
9/7/2014,10,129227,
9/8/2014,3,129230,
9/9/2014,6,129236,
9/10/2014,10,129246,
9/11/2014,7,129253,
9/12/2014,9,129262,
9/13/2014,6,129268,
9/14/2014,9,129277,
9/15/2014,4,129281,
9/16/2014,13,129294,
9/17/2014,11,129305,
9/18/2014,11,129316,
9/19/2014,14,129330,
9/20/2014,3,129333,
9/21/2014,14,129347,
9/22/2014,24,129371,
9/23/2014,18,129389,
9/24/2014,4,129393,
9/25/2014,3,129396,
9/26/2014,11,129407,
9/27/2014,3,129410,
9/28/2014,8,129418,
9/29/2014,6,129424,
9/30/2014,4,129428,
10/1/2014,7,129435,
10/2/2014,8,129443,
10/3/2014,6,129449,
10/4/2014,5,129454,
10/5/2014,5,129459,
10/6/2014,8,129467,
10/7/2014,4,129471,
10/8/2014,6,129477,
10/9/2014,6,129483,
10/10/2014,8,129491,
10/11/2014,6,129497,
10/12/2014,5,129502,
10/13/2014,9,129511,
10/14/2014,6,129517,
10/15/2014,1,129518,
10/16/2014,2,129520,
10/17/2014,4,129524,
10/18/2014,2,129526,
10/19/2014,0,129526,
10/20/2014,3,129529,
10/21/2014,3,129532,
10/22/2014,3,129535,
10/23/2014,2,129537,
10/24/2014,2,129539,
10/25/2014,1,129540,
10/26/2014,20,129560,
10/27/2014,16,129576,
10/28/2014,9,129585,
10/29/2014,5,129590,
10/30/2014,1,129591,
10/31/2014,4,129595,
11/1/2014,23,129618,
11/2/2014,4,129622,
11/3/2014,22,129644,
11/4/2014,5,129649,
11/5/2014,12,129661,
11/6/2014,4,129665,
11/7/2014,4,129669,
11/8/2014,2,129671,
11/9/2014,1,129672,
11/10/2014,4,129676,
11/11/2014,5,129681,
11/12/2014,3,129684,
11/13/2014,5,129689,
11/14/2014,13,129702,
11/15/2014,3,129705,
11/16/2014,4,129709,
11/17/2014,1,129710,
11/18/2014,3,129713,
11/19/2014,4,129717,
11/20/2014,2,129719,
11/21/2014,3,129722,
11/22/2014,6,129728,
11/23/2014,3,129731,
11/24/2014,6,129737,
11/25/2014,2,129739,
11/26/2014,4,129743,
11/27/2014,4,129747,
11/28/2014,5,129752,
11/29/2014,0,129752,
11/30/2014,0,129752,
12/1/2014,0,129752,
12/2/2014,7,129759,
12/3/2014,4,129763,
12/4/2014,2,129765,
12/5/2014,9,129774,
12/6/2014,9,129783,
12/7/2014,3,129786,
12/8/2014,3,129789,
12/9/2014,7,129796,
12/10/2014,8,129804,
12/11/2014,2,129806,
12/12/2014,148,129954,
12/13/2014,27,129981,
12/14/2014,3,129984,
12/15/2014,4,129988,
12/16/2014,1,129989,
12/17/2014,4,129993,
12/18/2014,0,129993,
12/19/2014,2,129995,
12/20/2014,1,129996,
12/21/2014,1,129997,
12/22/2014,1,129998,
12/23/2014,116,130114,
12/24/2014,27,130141,
12/25/2014,6,130147,
12/26/2014,4,130151,
12/27/2014,13,130164,
12/28/2014,10,130174,
12/29/2014,13,130187,
12/30/2014,4,130191,
12/31/2014,4,130195,
1/1/2015,4,130199,
1/2/2015,9,130208,
1/3/2015,3,130211,
1/4/2015,3,130214,
1/5/2015,3,130217,
1/6/2015,1,130218,
1/7/2015,2,130220,
1/8/2015,4,130224,
1/9/2015,3,130227,
1/10/2015,2,130229,
1/11/2015,0,130229,
1/12/2015,3,130232,
1/13/2015,2,130234,
1/14/2015,3,130237,
1/15/2015,3,130240,
1/16/2015,1,130241,
1/17/2015,2,130243,
1/18/2015,1,130244,
1/19/2015,1,130245,
1/20/2015,4,130249,
1/21/2015,2,130251,
1/22/2015,2,130253,
1/23/2015,0,130253,
1/24/2015,9,130262,
1/25/2015,5,130267,
1/26/2015,4,130271,
1/27/2015,0,130271,
1/28/2015,0,130271,
1/29/2015,4,130275,
1/30/2015,0,130275,
1/31/2015,3,130278,
2/1/2015,6,130284,
2/2/2015,1,130285,
2/3/2015,3,130288,
2/4/2015,3,130291,
2/5/2015,4,130295,
2/6/2015,8,130303,
2/7/2015,11,130314,
2/8/2015,4,130318,
2/9/2015,2,130320,
2/10/2015,4,130324,
2/11/2015,17,130341,
2/12/2015,4,130345,
2/13/2015,1,130346,
2/14/2015,1,130347,
2/15/2015,2,130349,
2/16/2015,2,130351,
2/17/2015,2,130353,
2/18/2015,15,130368,
2/19/2015,58,130426,
2/20/2015,3,130429,
2/21/2015,0,130429,
2/22/2015,2,130431,
2/23/2015,1,130432,
2/24/2015,22,130454,
2/25/2015,7,130461,
2/26/2015,4,130465,
2/27/2015,2,130467,
2/28/2015,1,130468,
3/1/2015,3,130471,
3/2/2015,4,130475,
3/3/2015,12,130487,
3/4/2015,4,130491,
3/5/2015,2,130493,
3/6/2015,2,130495,
3/7/2015,2,130497,
3/8/2015,13,130510,
3/9/2015,1,130511,
3/10/2015,2,130513,
3/11/2015,0,130513,
3/12/2015,0,130513,
3/13/2015,5,130518,
3/14/2015,4,130522,
3/15/2015,1,130523,
3/16/2015,71,130594,
3/17/2015,30,130624,
3/18/2015,16,130640,
3/19/2015,2,130642,
3/20/2015,20,130662,
3/21/2015,22,130684,
3/22/2015,8,130692,
3/23/2015,122,130814,
3/24/2015,76,130890,
3/25/2015,4,130894,
3/26/2015,1,130895,
3/27/2015,2,130897,
3/28/2015,6,130903,
3/29/2015,0,130903,
3/30/2015,1,130904,
3/31/2015,4,130908,
4/1/2015,6,130914,
4/2/2015,12,130926,
4/3/2015,7,130933,
4/4/2015,13,130946,
4/5/2015,9,130955,
4/6/2015,37,130992,
4/7/2015,1,130993,
4/8/2015,2,130995,
4/9/2015,2,130997,
4/10/2015,0,130997,
4/11/2015,4,131001,
4/12/2015,5,131006,
4/13/2015,5,131011,
4/14/2015,8,131019,
4/15/2015,6,131025,
4/16/2015,1,131026,
4/17/2015,0,131026,
4/18/2015,0,131026,
4/19/2015,1,131027,
4/20/2015,5,131032,
4/21/2015,0,131032,
4/22/2015,3,131035,
4/23/2015,2,131037,
4/24/2015,0,131037,
4/25/2015,0,131037,
4/26/2015,5,131042,
4/27/2015,2,131044,
4/28/2015,1,131045,
4/29/2015,52,131097,
4/30/2015,13,131110,
5/1/2015,3,131113,
5/2/2015,0,131113,
5/3/2015,46,131159,
5/4/2015,11,131170,
5/5/2015,1,131171,
5/6/2015,2,131173,
5/7/2015,2,131175,
5/8/2015,15,131190,
5/9/2015,13,131203,
5/10/2015,1,131204,
5/11/2015,2,131206,
5/12/2015,1,131207,
5/13/2015,0,131207,
5/14/2015,1,131208,
5/15/2015,0,131208,
5/16/2015,0,131208,
5/17/2015,4,131212,
5/18/2015,3,131215,
5/19/2015,4,131219,
5/20/2015,6,131225,
5/21/2015,5,131230,
5/22/2015,36,131266,
5/23/2015,28,131294,
5/24/2015,11,131305,
5/25/2015,15,131320,
5/26/2015,4,131324,
5/27/2015,6,131330,
5/28/2015,4,131334,
5/29/2015,2,131336,
5/30/2015,12,131348,
5/31/2015,1,131349,
6/1/2015,29,131378,
6/2/2015,27,131405,
6/3/2015,22,131427,
6/4/2015,44,131471,
6/5/2015,35,131506,
6/6/2015,41,131547,
6/7/2015,57,131604,
6/8/2015,241,131845,
6/9/2015,198,132043,
6/10/2015,39,132082,
6/11/2015,91,132173,
6/12/2015,48,132221,
6/13/2015,32,132253,
6/14/2015,35,132288,
6/15/2015,63,132351,
6/16/2015,33,132384,
6/17/2015,11,132395,
6/18/2015,4,132399,
6/19/2015,4,132403,
6/20/2015,3,132406,
6/21/2015,4,132410,
6/22/2015,16,132426,
6/23/2015,5,132431,
6/24/2015,47,132478,
6/25/2015,6,132484,
6/26/2015,6,132490,
6/27/2015,12,132502,
6/28/2015,21,132523,
6/29/2015,4,132527,
6/30/2015,7,132534,
7/1/2015,151,132685,
7/2/2015,203,132888,
7/3/2015,186,133074,
7/4/2015,178,133252,
7/5/2015,196,133448,
7/6/2015,274,133722,
7/7/2015,329,134051,
7/8/2015,294,134345,
7/9/2015,217,134562,
7/10/2015,171,134733,
7/11/2015,299,135032,
7/12/2015,235,135267,
7/13/2015,170,135437,
7/14/2015,177,135614,
7/15/2015,426,136040,
7/16/2015,215,136255,
7/17/2015,205,136460,
7/18/2015,277,136737,
7/19/2015,252,136989,
7/20/2015,314,137303,
7/21/2015,292,137595,
7/22/2015,389,137984,
7/23/2015,295,138279,
7/24/2015,308,138587,
7/25/2015,88,138675,
7/26/2015,11,138686,
7/27/2015,12,138698,
7/28/2015,8,138706,
7/29/2015,3,138709,
7/30/2015,4,138713,
7/31/2015,6,138719,
8/1/2015,7,138726,
8/2/2015,6,138732,
8/3/2015,6,138738,
8/4/2015,4,138742,
8/5/2015,8,138750,
8/6/2015,5,138755,
8/7/2015,4,138759,
8/8/2015,2,138761,
8/9/2015,5,138766,
8/10/2015,4,138770,
8/11/2015,2,138772,
8/12/2015,17,138789,
8/13/2015,9,138798,
8/14/2015,7,138805,
8/15/2015,9,138814,
8/16/2015,0,138814,
8/17/2015,6,138820,
8/18/2015,2,138822,
8/19/2015,1,138823,
8/20/2015,2,138825,
8/21/2015,7,138832,
8/22/2015,4,138836,
8/23/2015,0,138836,
8/24/2015,12,138848,
8/25/2015,1,138849,
8/26/2015,2,138851,
8/27/2015,16,138867,
8/28/2015,5,138872,
8/29/2015,5,138877,
8/30/2015,5,138882,
8/31/2015,4,138886,
9/1/2015,88,138974,
9/2/2015,12,138986,
9/3/2015,18,139004,
9/4/2015,2,139006,
9/5/2015,9,139015,
9/6/2015,4,139019,
9/7/2015,2,139021,
9/8/2015,13,139034,
9/9/2015,7,139041,
9/10/2015,7,139048,
9/11/2015,2,139050,
9/12/2015,2,139052,
9/13/2015,2,139054,
9/14/2015,8,139062,
9/15/2015,4,139066,
9/16/2015,5,139071,
9/17/2015,0,139071,
9/18/2015,2,139073,
9/19/2015,1,139074,
9/20/2015,2,139076,
9/21/2015,1,139077,
9/22/2015,7,139084,
9/23/2015,5,139089,
9/24/2015,2,139091,
9/25/2015,2,139093,
9/26/2015,4,139097,
9/27/2015,5,139102,
9/28/2015,2,139104,
9/29/2015,1,139105,
9/30/2015,5,139110,
10/1/2015,8,139118,
10/2/2015,6,139124,
10/3/2015,5,139129,
10/4/2015,2,139131,
10/5/2015,2,139133,
10/6/2015,6,139139,
10/7/2015,1,139140,
10/8/2015,173,139313,
10/9/2015,0,139313,
10/10/2015,1,139314,
10/11/2015,2,139316,
10/12/2015,2,139318,
10/13/2015,2,139320,
10/14/2015,5,139325,
10/15/2015,4,139329,
10/16/2015,2,139331,
10/17/2015,0,139331,
10/18/2015,0,139331,
10/19/2015,4,139335,
10/20/2015,13,139348,
10/21/2015,4,139352,
10/22/2015,2,139354,
10/23/2015,6,139360,
10/24/2015,12,139372,
10/25/2015,11,139383,
10/26/2015,5,139388,
10/27/2015,132,139520,
10/28/2015,25,139545,
10/29/2015,22,139567,
10/30/2015,12,139579,
10/31/2015,17,139596,
11/1/2015,3,139599,
11/2/2015,5,139604,
11/3/2015,6,139610,
11/4/2015,2,139612,
11/5/2015,2,139614,
11/6/2015,6,139620,
11/7/2015,0,139620,
11/8/2015,4,139624,
11/9/2015,1,139625,
11/10/2015,11,139636,
11/11/2015,36,139672,
11/12/2015,1,139673,
11/13/2015,0,139673,
11/14/2015,1,139674,
11/15/2015,1,139675,
11/16/2015,2,139677,
11/17/2015,2,139679,
11/18/2015,0,139679,
11/19/2015,6,139685,
11/20/2015,0,139685,
11/21/2015,0,139685,
11/22/2015,2,139687,
11/23/2015,133,139820,
11/24/2015,7,139827,
11/25/2015,2,139829,
11/26/2015,0,139829,
11/27/2015,1,139830,
11/28/2015,0,139830,
11/29/2015,2,139832,
11/30/2015,143,139975,
12/1/2015,29,140004,
12/2/2015,6,140010,
12/3/2015,8,140018,
12/4/2015,8,140026,
12/5/2015,29,140055,
12/6/2015,10,140065,
12/7/2015,7,140072,
12/8/2015,13,140085,
12/9/2015,3,140088,
12/10/2015,3,140091,
12/11/2015,3,140094,
12/12/2015,9,140103,
12/13/2015,8,140111,
12/14/2015,5,140116,
12/15/2015,8,140124,
12/16/2015,4,140128,
12/17/2015,37,140165,
12/18/2015,7,140172,
12/19/2015,3,140175,
12/20/2015,3,140178,
12/21/2015,11,140189,
12/22/2015,153,140342,
12/23/2015,25,140367,
12/24/2015,17,140384,
12/25/2015,3,140387,
12/26/2015,6,140393,
12/27/2015,4,140397,
12/28/2015,7,140404,
12/29/2015,2,140406,
12/30/2015,4,140410,
12/31/2015,1,140411,
1/1/2016,9,140420,
1/2/2016,5,140425,
1/3/2016,6,140431,
1/4/2016,3,140434,
1/5/2016,7,140441,
1/6/2016,4,140445,
1/7/2016,2,140447,
1/8/2016,2,140449,
1/9/2016,5,140454,
1/10/2016,28,140482,
1/11/2016,7,140489,
1/12/2016,1,140490,
1/13/2016,4,140494,
1/14/2016,1,140495,
1/15/2016,1,140496,
1/16/2016,6,140502,
1/17/2016,2,140504,
1/18/2016,5,140509,
1/19/2016,1,140510,
1/20/2016,0,140510,
1/21/2016,5,140515,
1/22/2016,2,140517,
1/23/2016,4,140521,
1/24/2016,1,140522,
1/25/2016,2,140524,
1/26/2016,4,140528,
1/27/2016,3,140531,
1/28/2016,5,140536,
1/29/2016,0,140536,
1/30/2016,0,140536,
1/31/2016,0,140536,
2/1/2016,89,140625,
2/2/2016,6,140631,
2/3/2016,8,140639,
2/4/2016,2,140641,
2/5/2016,2,140643,
2/6/2016,9,140652,
2/7/2016,5,140657,
2/8/2016,7,140664,
2/9/2016,5,140669,
2/10/2016,12,140681,
2/11/2016,3,140684,
2/12/2016,6,140690,
2/13/2016,1,140691,
2/14/2016,2,140693,
2/15/2016,6,140699,
2/16/2016,5,140704,
2/17/2016,5,140709,
2/18/2016,4,140713,
2/19/2016,21,140734,
2/20/2016,2,140736,
2/21/2016,4,140740,
2/22/2016,2,140742,
2/23/2016,1,140743,
2/24/2016,6,140749,
2/25/2016,6,140755,
2/26/2016,4,140759,
2/27/2016,5,140764,
2/28/2016,4,140768,
2/29/2016,2,140770,