ID Partition Base 10,Missing Count,Cumulative,1539583
9900000,22680,22680,
10000000,4,22684,
10200000,506,23190,
10600000,10,23200,
10700000,45,23245,
10800000,22,23267,
10900000,40,23307,
11000000,32,23339,
11100000,10,23349,
11200000,6,23355,
11300000,25,23380,
11400000,2,23382,
11500000,26,23408,
11600000,4,23412,
11700000,17,23429,
11800000,7,23436,
11900000,37,23473,
12000000,47,23520,
12100000,13,23533,
12200000,37,23570,
12300000,47,23617,
12400000,75,23692,
12500000,24,23716,
12600000,46,23762,
12700000,25,23787,
12800000,30,23817,
12900000,58,23875,
13000000,56,23931,
13100000,35,23966,
13200000,40,24006,
13300000,21,24027,
13400000,43,24070,
13500000,35,24105,
13600000,34,24139,
13700000,44,24183,
13800000,111,24294,
13900000,173,24467,
14000000,113,24580,
14100000,151,24731,
14200000,164,24895,
14300000,80,24975,
14400000,134,25109,
14500000,98,25207,
14600000,46,25253,
14700000,61,25314,
14800000,48,25362,
14900000,42,25404,
15000000,71,25475,
15100000,136,25611,
15200000,66,25677,
15300000,93,25770,
15400000,49,25819,
15500000,66,25885,
15600000,243,26128,
15700000,43,26171,
15800000,48,26219,
15900000,39,26258,
16000000,26,26284,
16100000,56,26340,
16200000,54,26394,
16300000,259,26653,
16400000,89,26742,
16500000,55,26797,
16600000,46,26843,
16700000,33,26876,
16800000,38,26914,
16900000,34,26948,
17000000,50,26998,
17100000,45,27043,
17200000,46,27089,
17300000,25,27114,
17400000,44,27158,
17500000,18,27176,
17600000,27,27203,
17700000,14,27217,
17800000,80,27297,
17900000,42,27339,
18000000,32,27371,
18100000,42,27413,
18200000,33,27446,
18300000,43,27489,
18400000,55,27544,
18500000,50,27594,
18600000,32,27626,
18700000,37,27663,
18800000,43,27706,
18900000,42,27748,
19000000,42,27790,
19100000,42,27832,
19200000,60,27892,
19300000,48,27940,
19400000,46,27986,
19500000,54,28040,
19600000,58,28098,
19700000,38,28136,
19800000,50,28186,
19900000,50,28236,
20000000,59,28295,
20100000,40,28335,
20200000,59,28394,
20300000,37,28431,
20400000,110,28541,
20500000,90,28631,
20600000,105,28736,
20700000,77,28813,
20800000,39,28852,
20900000,81,28933,
21000000,75,29008,
21100000,74,29082,
21200000,175,29257,
21300000,127,29384,
21400000,130,29514,
21500000,92,29606,
21600000,145,29751,
21700000,99,29850,
21800000,77,29927,
21900000,77,30004,
22000000,160,30164,
22100000,60,30224,
22200000,104,30328,
22300000,66,30394,
22400000,59,30453,
22500000,68,30521,
22600000,56,30577,
22700000,298,30875,
22800000,50,30925,
22900000,67,30992,
23000000,78,31070,
23100000,192,31262,
23200000,99,31361,
23300000,161,31522,
23400000,71,31593,
23500000,46,31639,
23600000,54,31693,
23700000,43,31736,
23800000,123,31859,
23900000,84,31943,
24000000,70,32013,
24100000,30,32043,
24200000,1154,33197,
24300000,45,33242,
24400000,59,33301,
24500000,64,33365,
24600000,81,33446,
24700000,53,33499,
24800000,65,33564,
24900000,82,33646,
25000000,53,33699,
25100000,68,33767,
25200000,48,33815,
25300000,160,33975,
25400000,68,34043,
25500000,74,34117,
25600000,100,34217,
25700000,49,34266,
25800000,59,34325,
25900000,94,34419,
26000000,285,34704,
26100000,165,34869,
26200000,79,34948,
26300000,65,35013,
26400000,45,35058,
26500000,141,35199,
26600000,37,35236,
26700000,34,35270,
26800000,184,35454,
26900000,34,35488,
27000000,40,35528,
27100000,40,35568,
27200000,138,35706,
27300000,116,35822,
27400000,77,35899,
27500000,116,36015,
27600000,86,36101,
27700000,71,36172,
27800000,57,36229,
27900000,107,36336,
28000000,40,36376,
28100000,51,36427,
28200000,67,36494,
28300000,84,36578,
28400000,61,36639,
28500000,66,36705,
28600000,50,36755,
28700000,43,36798,
28800000,108,36906,
28900000,74,36980,
29000000,51,37031,
29100000,57,37088,
29200000,67,37155,
29300000,64,37219,
29400000,85,37304,
29500000,54,37358,
29600000,75,37433,
29700000,44,37477,
29800000,67,37544,
29900000,64,37608,
30000000,42,37650,
30100000,52,37702,
30200000,45,37747,
30300000,82,37829,
30400000,60,37889,
30500000,117,38006,
30600000,72,38078,
30700000,65,38143,
30800000,38,38181,
30900000,72,38253,
31000000,39,38292,
31100000,28,38320,
31200000,34,38354,
31300000,30,38384,
31400000,14,38398,
31500000,36,38434,
31600000,27,38461,
31700000,24,38485,
31800000,46,38531,
31900000,60,38591,
32000000,45,38636,
32100000,37,38673,
32200000,43,38716,
32300000,75,38791,
32400000,78,38869,
32500000,79,38948,
32600000,36,38984,
32700000,36,39020,
32800000,76,39096,
32900000,67,39163,
33000000,50,39213,
33100000,53,39266,
33200000,103,39369,
33300000,108,39477,
33400000,51,39528,
33500000,116,39644,
33600000,115,39759,
33700000,69,39828,
33800000,72,39900,
33900000,92,39992,
34000000,48,40040,
34100000,36,40076,
34200000,38,40114,
34300000,56,40170,
34400000,50,40220,
34500000,46,40266,
34600000,43,40309,
34700000,40,40349,
34800000,46,40395,
34900000,38,40433,
35000000,26,40459,
35100000,86,40545,
35200000,30,40575,
35300000,32,40607,
35400000,56,40663,
35500000,68,40731,
35600000,67,40798,
35700000,46,40844,
35800000,121,40965,
35900000,140,41105,
36000000,232,41337,
36100000,239,41576,
36200000,333,41909,
36300000,69,41978,
36400000,34,42012,
36500000,58,42070,
36600000,36,42106,
36700000,40,42146,
36800000,52,42198,
36900000,58,42256,
37000000,62,42318,
37100000,77,42395,
37200000,30,42425,
37300000,39,42464,
37400000,56,42520,
37500000,44,42564,
37600000,53,42617,
37700000,54,42671,
37800000,50,42721,
37900000,38,42759,
38000000,53,42812,
38100000,47,42859,
38200000,66,42925,
38300000,80,43005,
38400000,58,43063,
38500000,42,43105,
38600000,64,43169,
38700000,72,43241,
38800000,74,43315,
38900000,42,43357,
39000000,91,43448,
39100000,69,43517,
39200000,100,43617,
39300000,83,43700,
39400000,51,43751,
39500000,72,43823,
39600000,46,43869,
39700000,54,43923,
39800000,32,43955,
39900000,46,44001,
40000000,59,44060,
40100000,67,44127,
40200000,103,44230,
40300000,70,44300,
40400000,54,44354,
40500000,79,44433,
40600000,49,44482,
40700000,36,44518,
40800000,88,44606,
40900000,54,44660,
41000000,58,44718,
41100000,41,44759,
41200000,123,44882,
41300000,76,44958,
41400000,66,45024,
41500000,67,45091,
41600000,58,45149,
41700000,77,45226,
41800000,89,45315,
41900000,48,45363,
42000000,62,45425,
42100000,73,45498,
42200000,67,45565,
42300000,81,45646,
42400000,74,45720,
42500000,62,45782,
42600000,79,45861,
42700000,49,45910,
42800000,93,46003,
42900000,84,46087,
43000000,84,46171,
43100000,77,46248,
43200000,63,46311,
43300000,71,46382,
43400000,76,46458,
43500000,88,46546,
43600000,60,46606,
43700000,56,46662,
43800000,67,46729,
43900000,57,46786,
44000000,34,46820,
44100000,58,46878,
44200000,57,46935,
44300000,30,46965,
44400000,41,47006,
44500000,38,47044,
44600000,48,47092,
44700000,43,47135,
44800000,60,47195,
44900000,44,47239,
45000000,45,47284,
45100000,45,47329,
45200000,52,47381,
45300000,42,47423,
45400000,75,47498,
45500000,65,47563,
45600000,114,47677,
45700000,43,47720,
45800000,42,47762,
45900000,35,47797,
46000000,38,47835,
46100000,54,47889,
46200000,29,47918,
46300000,58,47976,
46400000,26,48002,
46500000,47,48049,
46600000,33,48082,
46700000,39,48121,
46800000,37,48158,
46900000,40,48198,
47000000,42,48240,
47100000,49,48289,
47200000,45,48334,
47300000,44,48378,
47400000,48,48426,
47500000,40,48466,
47600000,42,48508,
47700000,24,48532,
47800000,22,48554,
47900000,48,48602,
48000000,59,48661,
48100000,26,48687,
48200000,31,48718,
48300000,108,48826,
48400000,84,48910,
48500000,84,48994,
48600000,75,49069,
48700000,80,49149,
48800000,44,49193,
48900000,85,49278,
49000000,97,49375,
49100000,126,49501,
49200000,100,49601,
49300000,119,49720,
49400000,106,49826,
49500000,77,49903,
49600000,73,49976,
49700000,54,50030,
49800000,68,50098,
49900000,89,50187,
50000000,104,50291,
50100000,89,50380,
50200000,62,50442,
50300000,58,50500,
50400000,58,50558,
50500000,77,50635,
50600000,63,50698,
50700000,65,50763,
50800000,80,50843,
50900000,42,50885,
51000000,55,50940,
51100000,42,50982,
51200000,52,51034,
51300000,66,51100,
51400000,59,51159,
51500000,65,51224,
51600000,107,51331,
51700000,64,51395,
51800000,60,51455,
51900000,50,51505,
52000000,46,51551,
52100000,66,51617,
52200000,88,51705,
52300000,117,51822,
52400000,101,51923,
52500000,70,51993,
52600000,84,52077,
52700000,88,52165,
52800000,66,52231,
52900000,88,52319,
53000000,53,52372,
53100000,38,52410,
53200000,44,52454,
53300000,50,52504,
53400000,69,52573,
53500000,98,52671,
53600000,48,52719,
53700000,80,52799,
53800000,62,52861,
53900000,75,52936,
54000000,54,52990,
54100000,97,53087,
54200000,38,53125,
54300000,98,53223,
54400000,82,53305,
54500000,70,53375,
54600000,74,53449,
54700000,124,53573,
54800000,70,53643,
54900000,58,53701,
55000000,64,53765,
55100000,65,53830,
55200000,59,53889,
55300000,90,53979,
55400000,65,54044,
55500000,42,54086,
55600000,84,54170,
55700000,64,54234,
55800000,78,54312,
55900000,69,54381,
56000000,66,54447,
56100000,75,54522,
56200000,62,54584,
56300000,55,54639,
56400000,54,54693,
56500000,70,54763,
56600000,61,54824,
56700000,46,54870,
56800000,65,54935,
56900000,40,54975,
57000000,49,55024,
57100000,92,55116,
57200000,79,55195,
57300000,55,55250,
57400000,55,55305,
57500000,59,55364,
57600000,73,55437,
57700000,76,55513,
57800000,61,55574,
57900000,56,55630,
58000000,71,55701,
58100000,77,55778,
58200000,52,55830,
58300000,53,55883,
58400000,64,55947,
58500000,53,56000,
58600000,58,56058,
58700000,68,56126,
58800000,83,56209,
58900000,63,56272,
59000000,87,56359,
59100000,253,56612,
59200000,185,56797,
59300000,198,56995,
59400000,153,57148,
59500000,159,57307,
59600000,128,57435,
59700000,202,57637,
59800000,134,57771,
59900000,140,57911,
60000000,149,58060,
60100000,128,58188,
60200000,120,58308,
60300000,129,58437,
60400000,128,58565,
60500000,197,58762,
60600000,168,58930,
60700000,186,59116,
60800000,209,59325,
60900000,143,59468,
61000000,139,59607,
61100000,206,59813,
61200000,121,59934,
61300000,175,60109,
61400000,218,60327,
61500000,226,60553,
61600000,203,60756,
61700000,160,60916,
61800000,187,61103,
61900000,170,61273,
62000000,145,61418,
62100000,158,61576,
62200000,238,61814,
62300000,137,61951,
62400000,122,62073,
62500000,161,62234,
62600000,164,62398,
62700000,147,62545,
62800000,129,62674,
62900000,139,62813,
63000000,162,62975,
63100000,116,63091,
63200000,107,63198,
63300000,128,63326,
63400000,92,63418,
63500000,100,63518,
63600000,128,63646,
63700000,156,63802,
63800000,119,63921,
63900000,120,64041,
64000000,178,64219,
64100000,175,64394,
64200000,96,64490,
64300000,93,64583,
64400000,107,64690,
64500000,123,64813,
64600000,93,64906,
64700000,96,65002,
64800000,88,65090,
64900000,114,65204,
65000000,115,65319,
65100000,112,65431,
65200000,96,65527,
65300000,141,65668,
65400000,157,65825,
65500000,94,65919,
65600000,104,66023,
65700000,116,66139,
65800000,121,66260,
65900000,96,66356,
66000000,127,66483,
66100000,119,66602,
66200000,143,66745,
66300000,103,66848,
66400000,120,66968,
66500000,77,67045,
66600000,128,67173,
66700000,149,67322,
66800000,99,67421,
66900000,88,67509,
67000000,114,67623,
67100000,125,67748,
67200000,142,67890,
67300000,145,68035,
67400000,133,68168,
67500000,145,68313,
67600000,140,68453,
67700000,116,68569,
67800000,133,68702,
67900000,157,68859,
68000000,137,68996,
68100000,158,69154,
68200000,99,69253,
68300000,121,69374,
68400000,118,69492,
68500000,181,69673,
68600000,150,69823,
68700000,111,69934,
68800000,130,70064,
68900000,146,70210,
69000000,135,70345,
69100000,104,70449,
69200000,98,70547,
69300000,108,70655,
69400000,133,70788,
69500000,77,70865,
69600000,139,71004,
69700000,127,71131,
69800000,166,71297,
69900000,135,71432,
70000000,116,71548,
70100000,127,71675,
70200000,168,71843,
70300000,119,71962,
70400000,153,72115,
70500000,111,72226,
70600000,115,72341,
70700000,124,72465,
70800000,164,72629,
70900000,155,72784,
71000000,121,72905,
71100000,145,73050,
71200000,146,73196,
71300000,103,73299,
71400000,89,73388,
71500000,104,73492,
71600000,109,73601,
71700000,125,73726,
71800000,122,73848,
71900000,216,74064,
72000000,143,74207,
72100000,174,74381,
72200000,131,74512,
72300000,178,74690,
72400000,130,74820,
72500000,151,74971,
72600000,146,75117,
72700000,198,75315,
72800000,152,75467,
72900000,189,75656,
73000000,147,75803,
73100000,163,75966,
73200000,183,76149,
73300000,120,76269,
73400000,179,76448,
73500000,226,76674,
73600000,163,76837,
73700000,165,77002,
73800000,127,77129,
73900000,86,77215,
74000000,145,77360,
74100000,218,77578,
74200000,171,77749,
74300000,91,77840,
74400000,155,77995,
74500000,151,78146,
74600000,255,78401,
74700000,293,78694,
74800000,199,78893,
74900000,255,79148,
75000000,357,79505,
75100000,231,79736,
75200000,328,80064,
75300000,220,80284,
75400000,200,80484,
75500000,181,80665,
75600000,209,80874,
75700000,297,81171,
75800000,256,81427,
75900000,214,81641,
76000000,169,81810,
76100000,243,82053,
76200000,255,82308,
76300000,238,82546,
76400000,205,82751,
76500000,230,82981,
76600000,248,83229,
76700000,234,83463,
76800000,225,83688,
76900000,186,83874,
77000000,197,84071,
77100000,204,84275,
77200000,272,84547,
77300000,203,84750,
77400000,230,84980,
77500000,279,85259,
77600000,211,85470,
77700000,263,85733,
77800000,309,86042,
77900000,270,86312,
78000000,263,86575,
78100000,247,86822,
78200000,204,87026,
78300000,305,87331,
78400000,269,87600,
78500000,242,87842,
78600000,298,88140,
78700000,237,88377,
78800000,182,88559,
78900000,170,88729,
79000000,110,88839,
79100000,191,89030,
79200000,137,89167,
79300000,122,89289,
79400000,152,89441,
79500000,159,89600,
79600000,90,89690,
79700000,89,89779,
79800000,81,89860,
79900000,118,89978,
80000000,151,90129,
80100000,145,90274,
80200000,123,90397,
80300000,165,90562,
80400000,167,90729,
80500000,123,90852,
80600000,127,90979,
80700000,111,91090,
80800000,123,91213,
80900000,74,91287,
81000000,136,91423,
81100000,138,91561,
81200000,129,91690,
81300000,111,91801,
81400000,134,91935,
81500000,166,92101,
81600000,207,92308,
81700000,277,92585,
81800000,166,92751,
81900000,139,92890,
82000000,118,93008,
82100000,135,93143,
82200000,114,93257,
82300000,97,93354,
82400000,141,93495,
82500000,154,93649,
82600000,159,93808,
82700000,112,93920,
82800000,105,94025,
82900000,165,94190,
83000000,138,94328,
83100000,96,94424,
83200000,150,94574,
83300000,165,94739,
83400000,108,94847,
83500000,128,94975,
83600000,95,95070,
83700000,113,95183,
83800000,96,95279,
83900000,103,95382,
84000000,94,95476,
84100000,95,95571,
84200000,137,95708,
84300000,153,95861,
84400000,116,95977,
84500000,81,96058,
84600000,114,96172,
84700000,98,96270,
84800000,119,96389,
84900000,129,96518,
85000000,131,96649,
85100000,133,96782,
85200000,144,96926,
85300000,131,97057,
85400000,130,97187,
85500000,115,97302,
85600000,121,97423,
85700000,165,97588,
85800000,189,97777,
85900000,132,97909,
86000000,145,98054,
86100000,111,98165,
86200000,84,98249,
86300000,103,98352,
86400000,111,98463,
86500000,105,98568,
86600000,119,98687,
86700000,160,98847,
86800000,129,98976,
86900000,188,99164,
87000000,102,99266,
87100000,160,99426,
87200000,146,99572,
87300000,154,99726,
87400000,139,99865,
87500000,169,100034,
87600000,213,100247,
87700000,266,100513,
87800000,277,100790,
87900000,282,101072,
88000000,431,101503,
88100000,333,101836,
88200000,292,102128,
88300000,391,102519,
88400000,367,102886,
88500000,144,103030,
88600000,165,103195,
88700000,427,103622,
88800000,305,103927,
88900000,437,104364,
89000000,125,104489,
89100000,136,104625,
89200000,140,104765,
89300000,89,104854,
89400000,139,104993,
89500000,277,105270,
89600000,185,105455,
89700000,164,105619,
89800000,139,105758,
89900000,113,105871,
90000000,104,105975,
90100000,129,106104,
90200000,180,106284,
90300000,264,106548,
90400000,227,106775,
90500000,70,106845,
90600000,92,106937,
90700000,210,107147,
90800000,197,107344,
90900000,178,107522,
91000000,239,107761,
91100000,297,108058,
91200000,177,108235,
91300000,155,108390,
91400000,154,108544,
91500000,244,108788,
91600000,257,109045,
91700000,306,109351,
91800000,250,109601,
91900000,193,109794,
92000000,128,109922,
92100000,129,110051,
92200000,162,110213,
92300000,124,110337,
92400000,137,110474,
92500000,151,110625,
92600000,156,110781,
92700000,186,110967,
92800000,161,111128,
92900000,102,111230,
93000000,151,111381,
93100000,182,111563,
93200000,127,111690,
93300000,131,111821,
93400000,146,111967,
93500000,150,112117,
93600000,168,112285,
93700000,211,112496,
93800000,180,112676,
93900000,123,112799,
94000000,154,112953,
94100000,164,113117,
94200000,221,113338,
94300000,229,113567,
94400000,149,113716,
94500000,210,113926,
94600000,159,114085,
94700000,153,114238,
94800000,157,114395,
94900000,169,114564,
95000000,201,114765,
95100000,206,114971,
95200000,170,115141,
95300000,129,115270,
95400000,162,115432,
95500000,190,115622,
95600000,156,115778,
95700000,171,115949,
95800000,168,116117,
95900000,288,116405,
96000000,514,116919,
96100000,335,117254,
96200000,378,117632,
96300000,315,117947,
96400000,341,118288,
96500000,255,118543,
96600000,162,118705,
96700000,199,118904,
96800000,289,119193,
96900000,282,119475,
97000000,275,119750,
97100000,298,120048,
97200000,338,120386,
97300000,307,120693,
97400000,275,120968,
97500000,193,121161,
97600000,217,121378,
97700000,184,121562,
97800000,321,121883,
97900000,195,122078,
98000000,299,122377,
98100000,866,123243,
98200000,1179,124422,
98300000,491,124913,
98400000,825,125738,
98500000,668,126406,
98600000,733,127139,
98700000,966,128105,
98800000,1812,129917,
98900000,2166,132083,
99000000,1926,134009,
99100000,1089,135098,
99200000,3027,138125,
99300000,2774,140899,
99400000,2962,143861,
99500000,2386,146247,
99600000,5514,151761,
99700000,4036,155797,
99800000,664,156461,
99900000,182,156643,
100000000,177,156820,
100100000,87,156907,
100200000,98,157005,
100300000,312,157317,
100400000,776,158093,
100500000,1258,159351,
100600000,502,159853,
100700000,1334,161187,
100800000,1837,163024,
100900000,2053,165077,
101000000,1801,166878,
101100000,2699,169577,
101200000,3575,173152,
101300000,3699,176851,
101400000,2268,179119,
101500000,1310,180429,
101600000,447,180876,
101700000,139,181015,
101800000,266,181281,
101900000,385,181666,
102000000,206,181872,
102100000,180,182052,
102200000,125,182177,
102300000,85,182262,
102400000,117,182379,
102500000,108,182487,
102600000,102,182589,
102700000,138,182727,
102800000,120,182847,
102900000,432,183279,
103000000,2964,186243,
103100000,58,186301,
103200000,81,186382,
103300000,109,186491,
103400000,103,186594,
103500000,73,186667,
103600000,120,186787,
103700000,129,186916,
103800000,99,187015,
103900000,119,187134,
104000000,196,187330,
104100000,430,187760,
104200000,154,187914,
104300000,92,188006,
104400000,192,188198,
104500000,210,188408,
104600000,205,188613,
104700000,291,188904,
104800000,217,189121,
104900000,152,189273,
105000000,201,189474,
105100000,161,189635,
105200000,130,189765,
105300000,85,189850,
105400000,137,189987,
105500000,147,190134,
105600000,211,190345,
105700000,144,190489,
105800000,113,190602,
105900000,125,190727,
106000000,119,190846,
106100000,127,190973,
106200000,134,191107,
106300000,135,191242,
106400000,112,191354,
106500000,155,191509,
106600000,190,191699,
106700000,174,191873,
106800000,148,192021,
106900000,186,192207,
107000000,177,192384,
107100000,174,192558,
107200000,212,192770,
107300000,234,193004,
107400000,203,193207,
107500000,424,193631,
107600000,1061,194692,
107700000,317,195009,
107800000,148,195157,
107900000,103,195260,
108000000,226,195486,
108100000,171,195657,
108200000,187,195844,
108300000,127,195971,
108400000,156,196127,
108500000,142,196269,
108600000,103,196372,
108700000,272,196644,
108800000,112,196756,
108900000,139,196895,
109000000,141,197036,
109100000,160,197196,
109200000,114,197310,
109300000,234,197544,
109400000,180,197724,
109500000,163,197887,
109600000,163,198050,
109700000,190,198240,
109800000,212,198452,
109900000,247,198699,
110000000,183,198882,
110100000,159,199041,
110200000,131,199172,
110300000,180,199352,
110400000,172,199524,
110500000,192,199716,
110600000,153,199869,
110700000,156,200025,
110800000,164,200189,
110900000,98,200287,
111000000,164,200451,
111100000,267,200718,
111200000,196,200914,
111300000,201,201115,
111400000,184,201299,
111500000,219,201518,
111600000,205,201723,
111700000,200,201923,
111800000,272,202195,
111900000,209,202404,
112000000,312,202716,
112100000,308,203024,
112200000,239,203263,
112300000,193,203456,
112400000,298,203754,
112500000,241,203995,
112600000,234,204229,
112700000,240,204469,
112800000,286,204755,
112900000,492,205247,
113000000,642,205889,
113100000,1000,206889,
113200000,308,207197,
113300000,375,207572,
113400000,235,207807,
113500000,261,208068,
113600000,248,208316,
113700000,255,208571,
113800000,265,208836,
113900000,408,209244,
114000000,341,209585,
114100000,327,209912,
114200000,401,210313,
114300000,494,210807,
114400000,251,211058,
114500000,301,211359,
114600000,321,211680,
114700000,226,211906,
114800000,362,212268,
114900000,1605,213873,
115000000,619,214492,
115100000,1295,215787,
115200000,811,216598,
115300000,868,217466,
115400000,1648,219114,
115500000,2883,221997,
115600000,1943,223940,
115700000,1870,225810,
115800000,2470,228280,
115900000,1364,229644,
116000000,2391,232035,
116100000,2133,234168,
116200000,828,234996,
116300000,1371,236367,
116400000,1468,237835,
116500000,1061,238896,
116600000,1612,240508,
116700000,1530,242038,
116800000,1128,243166,
116900000,1303,244469,
117000000,1620,246089,
117100000,668,246757,
117200000,1238,247995,
117300000,1169,249164,
117400000,877,250041,
117500000,1665,251706,
117600000,1407,253113,
117700000,1690,254803,
117800000,2128,256931,
117900000,2454,259385,
118000000,1351,260736,
118100000,2713,263449,
118200000,1773,265222,
118300000,1578,266800,
118400000,2668,269468,
118500000,2138,271606,
118600000,2861,274467,
118700000,3243,277710,
118800000,2310,280020,
118900000,1567,281587,
119000000,2624,284211,
119100000,1550,285761,
119200000,2814,288575,
119300000,2555,291130,
119400000,1435,292565,
119500000,2735,295300,
119600000,2610,297910,
119700000,1887,299797,
119800000,2927,302724,
119900000,2475,305199,
120000000,1162,306361,
120100000,2896,309257,
120200000,2474,311731,
120300000,1350,313081,
120400000,2515,315596,
120500000,1518,317114,
120600000,1912,319026,
120700000,3180,322206,
120800000,1926,324132,
120900000,1172,325304,
121000000,761,326065,
121100000,1430,327495,
121200000,893,328388,
121300000,862,329250,
121400000,505,329755,
121500000,425,330180,
121600000,390,330570,
121700000,647,331217,
121800000,512,331729,
121900000,665,332394,
122000000,689,333083,
122100000,761,333844,
122200000,1500,335344,
122300000,575,335919,
122400000,1613,337532,
122500000,1562,339094,
122600000,631,339725,
122700000,618,340343,
122800000,825,341168,
122900000,716,341884,
123000000,388,342272,
123100000,630,342902,
123200000,488,343390,
123300000,481,343871,
123400000,526,344397,
123500000,568,344965,
123600000,433,345398,
123700000,600,345998,
123800000,518,346516,
123900000,449,346965,
124000000,337,347302,
124100000,501,347803,
124200000,481,348284,
124300000,420,348704,
124400000,527,349231,
124500000,490,349721,
124600000,496,350217,
124700000,599,350816,
124800000,457,351273,
124900000,517,351790,
125000000,354,352144,
125100000,555,352699,
125200000,313,353012,
125300000,299,353311,
125400000,312,353623,
125500000,506,354129,
125600000,203,354332,
125700000,229,354561,
125800000,237,354798,
125900000,232,355030,
126000000,126,355156,
126100000,263,355419,
126200000,233,355652,
126300000,205,355857,
126400000,266,356123,
126500000,309,356432,
126600000,234,356666,
126700000,127,356793,
126800000,238,357031,
126900000,343,357374,
127000000,274,357648,
127100000,159,357807,
127200000,367,358174,
127300000,1127,359301,
127400000,2091,361392,
127500000,1684,363076,
127600000,482,363558,
127700000,426,363984,
127800000,618,364602,
127900000,357,364959,
128000000,268,365227,
128100000,359,365586,
128200000,335,365921,
128300000,240,366161,
128400000,213,366374,
128500000,679,367053,
128600000,711,367764,
128700000,699,368463,
128800000,459,368922,
128900000,802,369724,
129000000,779,370503,
129100000,405,370908,
129200000,670,371578,
129300000,591,372169,
129400000,313,372482,
129500000,683,373165,
129600000,689,373854,
129700000,582,374436,
129800000,453,374889,
129900000,611,375500,
130000000,645,376145,
130100000,374,376519,
130200000,635,377154,
130300000,582,377736,
130400000,490,378226,
130500000,678,378904,
130600000,1702,380606,
130700000,764,381370,
130800000,746,382116,
130900000,576,382692,
131000000,702,383394,
131100000,674,384068,
131200000,504,384572,
131300000,742,385314,
131400000,703,386017,
131500000,468,386485,
131600000,694,387179,
131700000,799,387978,
131800000,884,388862,
131900000,559,389421,
132000000,480,389901,
132100000,639,390540,
132200000,466,391006,
132300000,725,391731,
132400000,852,392583,
132500000,651,393234,
132600000,621,393855,
132700000,806,394661,
132800000,729,395390,
132900000,379,395769,
133000000,479,396248,
133100000,443,396691,
133200000,412,397103,
133300000,500,397603,
133400000,787,398390,
133500000,556,398946,
133600000,335,399281,
133700000,566,399847,
133800000,456,400303,
133900000,346,400649,
134000000,277,400926,
134100000,395,401321,
134200000,578,401899,
134300000,326,402225,
134400000,456,402681,
134500000,471,403152,
134600000,566,403718,
134700000,424,404142,
134800000,586,404728,
134900000,476,405204,
135000000,297,405501,
135100000,539,406040,
135200000,604,406644,
135300000,287,406931,
135400000,551,407482,
135500000,488,407970,
135600000,567,408537,
135700000,451,408988,
135800000,496,409484,
135900000,354,409838,
136000000,318,410156,
136100000,544,410700,
136200000,423,411123,
136300000,308,411431,
136400000,443,411874,
136500000,602,412476,
136600000,417,412893,
136700000,339,413232,
136800000,632,413864,
136900000,499,414363,
137000000,420,414783,
137100000,476,415259,
137200000,673,415932,
137300000,489,416421,
137400000,480,416901,
137500000,584,417485,
137600000,509,417994,
137700000,372,418366,
137800000,302,418668,
137900000,419,419087,
138000000,247,419334,
138100000,595,419929,
138200000,380,420309,
138300000,272,420581,
138400000,376,420957,
138500000,578,421535,
138600000,484,422019,
138700000,428,422447,
138800000,293,422740,
138900000,202,422942,
139000000,203,423145,
139100000,227,423372,
139200000,203,423575,
139300000,185,423760,
139400000,170,423930,
139500000,230,424160,
139600000,294,424454,
139700000,336,424790,
139800000,201,424991,
139900000,200,425191,
140000000,214,425405,
140100000,380,425785,
140200000,345,426130,
140300000,388,426518,
140400000,177,426695,
140500000,307,427002,
140600000,285,427287,
140700000,319,427606,
140800000,329,427935,
140900000,303,428238,
141000000,218,428456,
141100000,336,428792,
141200000,287,429079,
141300000,231,429310,
141400000,268,429578,
141500000,189,429767,
141600000,254,430021,
141700000,411,430432,
141800000,338,430770,
141900000,676,431446,
142000000,620,432066,
142100000,565,432631,
142200000,319,432950,
142300000,436,433386,
142400000,212,433598,
142500000,309,433907,
142600000,226,434133,
142700000,254,434387,
142800000,419,434806,
142900000,430,435236,
143000000,406,435642,
143100000,435,436077,
143200000,253,436330,
143300000,263,436593,
143400000,2248,438841,
143500000,294,439135,
143600000,462,439597,
143700000,340,439937,
143800000,464,440401,
143900000,536,440937,
144000000,539,441476,
144100000,337,441813,
144200000,298,442111,
144300000,447,442558,
144400000,419,442977,
144500000,676,443653,
144600000,382,444035,
144700000,657,444692,
144800000,636,445328,
144900000,423,445751,
145000000,731,446482,
145100000,714,447196,
145200000,521,447717,
145300000,580,448297,
145400000,587,448884,
145500000,387,449271,
145600000,666,449937,
145700000,549,450486,
145800000,803,451289,
145900000,699,451988,
146000000,462,452450,
146100000,682,453132,
146200000,705,453837,
146300000,876,454713,
146400000,581,455294,
146500000,800,456094,
146600000,555,456649,
146700000,625,457274,
146800000,765,458039,
146900000,435,458474,
147000000,685,459159,
147100000,892,460051,
147200000,478,460529,
147300000,668,461197,
147400000,590,461787,
147500000,341,462128,
147600000,455,462583,
147700000,518,463101,
147800000,418,463519,
147900000,549,464068,
148000000,294,464362,
148100000,498,464860,
148200000,650,465510,
148300000,387,465897,
148400000,505,466402,
148500000,531,466933,
148600000,287,467220,
148700000,415,467635,
148800000,478,468113,
148900000,343,468456,
149000000,581,469037,
149100000,372,469409,
149200000,600,470009,
149300000,621,470630,
149400000,473,471103,
149500000,617,471720,
149600000,590,472310,
149700000,276,472586,
149800000,548,473134,
149900000,364,473498,
150000000,523,474021,
150100000,669,474690,
150200000,316,475006,
150300000,644,475650,
150400000,647,476297,
150500000,616,476913,
150600000,748,477661,
150700000,597,478258,
150800000,364,478622,
150900000,543,479165,
151000000,280,479445,
151100000,557,480002,
151200000,578,480580,
151300000,411,480991,
151400000,731,481722,
151500000,514,482236,
151600000,775,483011,
151700000,940,483951,
151800000,620,484571,
151900000,370,484941,
152000000,593,485534,
152100000,346,485880,
152200000,711,486591,
152300000,478,487069,
152400000,662,487731,
152500000,655,488386,
152600000,495,488881,
152700000,886,489767,
152800000,930,490697,
152900000,527,491224,
153000000,632,491856,
153100000,533,492389,
153200000,457,492846,
153300000,755,493601,
153400000,470,494071,
153500000,737,494808,
153600000,829,495637,
153700000,609,496246,
153800000,1044,497290,
153900000,1083,498373,
154000000,714,499087,
154100000,871,499958,
154200000,550,500508,
154300000,724,501232,
154400000,787,502019,
154500000,499,502518,
154600000,976,503494,
154700000,488,503982,
154800000,793,504775,
154900000,1014,505789,
155000000,682,506471,
155100000,921,507392,
155200000,823,508215,
155300000,482,508697,
155400000,814,509511,
155500000,397,509908,
155600000,877,510785,
155700000,1740,512525,
155800000,630,513155,
155900000,740,513895,
156000000,672,514567,
156100000,1167,515734,
156200000,1086,516820,
156300000,675,517495,
156400000,808,518303,
156500000,643,518946,
156600000,769,519715,
156700000,611,520326,
156800000,687,521013,
156900000,919,521932,
157000000,529,522461,
157100000,788,523249,
157200000,560,523809,
157300000,910,524719,
157400000,906,525625,
157500000,846,526471,
157600000,635,527106,
157700000,430,527536,
157800000,539,528075,
157900000,928,529003,
158000000,881,529884,
158100000,998,530882,
158200000,397,531279,
158300000,859,532138,
158400000,621,532759,
158500000,763,533522,
158600000,891,534413,
158700000,613,535026,
158800000,959,535985,
158900000,935,536920,
159000000,528,537448,
159100000,866,538314,
159200000,548,538862,
159300000,929,539791,
159400000,2595,542386,
159500000,2250,544636,
159600000,1159,545795,
159700000,650,546445,
159800000,1085,547530,
159900000,695,548225,
160000000,446,548671,
160100000,794,549465,
160200000,533,549998,
160300000,771,550769,
160400000,550,551319,
160500000,686,552005,
160600000,703,552708,
160700000,459,553167,
160800000,791,553958,
160900000,674,554632,
161000000,422,555054,
161100000,666,555720,
161200000,596,556316,
161300000,489,556805,
161400000,710,557515,
161500000,381,557896,
161600000,771,558667,
161700000,394,559061,
161800000,715,559776,
161900000,732,560508,
162000000,729,561237,
162100000,953,562190,
162200000,534,562724,
162300000,669,563393,
162400000,638,564031,
162500000,532,564563,
162600000,897,565460,
162700000,476,565936,
162800000,768,566704,
162900000,405,567109,
163000000,941,568050,
163100000,755,568805,
163200000,716,569521,
163300000,931,570452,
163400000,605,571057,
163500000,648,571705,
163600000,663,572368,
163700000,448,572816,
163800000,759,573575,
163900000,393,573968,
164000000,809,574777,
164100000,472,575249,
164200000,679,575928,
164300000,790,576718,
164400000,611,577329,
164500000,865,578194,
164600000,620,578814,
164700000,579,579393,
164800000,716,580109,
164900000,389,580498,
165000000,1189,581687,
165100000,528,582215,
165200000,594,582809,
165300000,844,583653,
165400000,779,584432,
165500000,392,584824,
165600000,724,585548,
165700000,595,586143,
165800000,740,586883,
165900000,1112,587995,
166000000,363,588358,
166100000,537,588895,
166200000,1037,589932,
166300000,532,590464,
166400000,773,591237,
166500000,575,591812,
166600000,829,592641,
166700000,920,593561,
166800000,412,593973,
166900000,796,594769,
167000000,479,595248,
167100000,640,595888,
167200000,394,596282,
167300000,661,596943,
167400000,444,597387,
167500000,606,597993,
167600000,619,598612,
167700000,573,599185,
167800000,994,600179,
167900000,534,600713,
168000000,947,601660,
168100000,456,602116,
168200000,688,602804,
168300000,539,603343,
168400000,717,604060,
168500000,495,604555,
168600000,740,605295,
168700000,574,605869,
168800000,796,606665,
168900000,731,607396,
169000000,621,608017,
169100000,863,608880,
169200000,663,609543,
169300000,1331,610874,
169400000,618,611492,
169500000,746,612238,
169600000,422,612660,
169700000,732,613392,
169800000,560,613952,
169900000,686,614638,
170000000,592,615230,
170100000,602,615832,
170200000,532,616364,
170300000,768,617132,
170400000,758,617890,
170500000,510,618400,
170600000,779,619179,
170700000,431,619610,
170800000,687,620297,
170900000,358,620655,
171000000,785,621440,
171100000,420,621860,
171200000,768,622628,
171300000,404,623032,
171400000,877,623909,
171500000,475,624384,
171600000,834,625218,
171700000,591,625809,
171800000,981,626790,
171900000,864,627654,
172000000,692,628346,
172100000,752,629098,
172200000,474,629572,
172300000,753,630325,
172400000,498,630823,
172500000,851,631674,
172600000,523,632197,
172700000,883,633080,
172800000,519,633599,
172900000,810,634409,
173000000,512,634921,
173100000,986,635907,
173200000,764,636671,
173300000,933,637604,
173400000,819,638423,
173500000,757,639180,
173600000,755,639935,
173700000,634,640569,
173800000,889,641458,
173900000,684,642142,
174000000,900,643042,
174100000,532,643574,
174200000,679,644253,
174300000,427,644680,
174400000,1288,645968,
174500000,893,646861,
174600000,1234,648095,
174700000,1025,649120,
174800000,878,649998,
174900000,1082,651080,
175000000,868,651948,
175100000,816,652764,
175200000,552,653316,
175300000,733,654049,
175400000,524,654573,
175500000,882,655455,
175600000,717,656172,
175700000,1221,657393,
175800000,670,658063,
175900000,1163,659226,
176000000,703,659929,
176100000,903,660832,
176200000,717,661549,
176300000,885,662434,
176400000,619,663053,
176500000,813,663866,
176600000,520,664386,
176700000,1028,665414,
176800000,378,665792,
176900000,849,666641,
177000000,564,667205,
177100000,1001,668206,
177200000,977,669183,
177300000,653,669836,
177400000,894,670730,
177500000,523,671253,
177600000,953,672206,
177700000,436,672642,
177800000,924,673566,
177900000,668,674234,
178000000,983,675217,
178100000,574,675791,
178200000,972,676763,
178300000,592,677355,
178400000,1120,678475,
178500000,1088,679563,
178600000,750,680313,
178700000,889,681202,
178800000,488,681690,
178900000,946,682636,
179000000,591,683227,
179100000,994,684221,
179200000,754,684975,
179300000,1077,686052,
179400000,669,686721,
179500000,1136,687857,
179600000,1041,688898,
179700000,1541,690439,
179800000,1243,691682,
179900000,1210,692892,
180000000,965,693857,
180100000,766,694623,
180200000,792,695415,
180300000,709,696124,
180400000,987,697111,
180500000,580,697691,
180600000,870,698561,
180700000,665,699226,
180800000,783,700009,
180900000,685,700694,
181000000,918,701612,
181100000,541,702153,
181200000,946,703099,
181300000,927,704026,
181400000,807,704833,
181500000,591,705424,
181600000,662,706086,
181700000,597,706683,
181800000,639,707322,
181900000,556,707878,
182000000,531,708409,
182100000,480,708889,
182200000,400,709289,
182300000,515,709804,
182400000,312,710116,
182500000,655,710771,
182600000,334,711105,
182700000,431,711536,
182800000,327,711863,
182900000,498,712361,
183000000,541,712902,
183100000,674,713576,
183200000,421,713997,
183300000,706,714703,
183400000,515,715218,
183500000,907,716125,
183600000,576,716701,
183700000,999,717700,
183800000,660,718360,
183900000,992,719352,
184000000,626,719978,
184100000,787,720765,
184200000,674,721439,
184300000,740,722179,
184400000,772,722951,
184500000,767,723718,
184600000,646,724364,
184700000,820,725184,
184800000,587,725771,
184900000,867,726638,
185000000,695,727333,
185100000,971,728304,
185200000,918,729222,
185300000,717,729939,
185400000,907,730846,
185500000,671,731517,
185600000,805,732322,
185700000,533,732855,
185800000,878,733733,
185900000,563,734296,
186000000,894,735190,
186100000,602,735792,
186200000,1084,736876,
186300000,786,737662,
186400000,1060,738722,
186500000,701,739423,
186600000,1050,740473,
186700000,815,741288,
186800000,655,741943,
186900000,680,742623,
187000000,716,743339,
187100000,821,744160,
187200000,792,744952,
187300000,787,745739,
187400000,701,746440,
187500000,903,747343,
187600000,876,748219,
187700000,1036,749255,
187800000,938,750193,
187900000,1014,751207,
188000000,620,751827,
188100000,905,752732,
188200000,642,753374,
188300000,1031,754405,
188400000,596,755001,
188500000,940,755941,
188600000,623,756564,
188700000,926,757490,
188800000,596,758086,
188900000,1011,759097,
189000000,638,759735,
189100000,1073,760808,
189200000,822,761630,
189300000,717,762347,
189400000,751,763098,
189500000,526,763624,
189600000,793,764417,
189700000,401,764818,
189800000,737,765555,
189900000,483,766038,
190000000,812,766850,
190100000,462,767312,
190200000,1017,768329,
190300000,508,768837,
190400000,861,769698,
190500000,803,770501,
190600000,769,771270,
190700000,931,772201,
190800000,443,772644,
190900000,727,773371,
191000000,399,773770,
191100000,783,774553,
191200000,478,775031,
191300000,781,775812,
191400000,485,776297,
191500000,835,777132,
191600000,563,777695,
191700000,836,778531,
191800000,786,779317,
191900000,570,779887,
192000000,590,780477,
192100000,578,781055,
192200000,606,781661,
192300000,374,782035,
192400000,566,782601,
192500000,415,783016,
192600000,455,783471,
192700000,588,784059,
192800000,582,784641,
192900000,753,785394,
193000000,689,786083,
193100000,722,786805,
193200000,859,787664,
193300000,675,788339,
193400000,845,789184,
193500000,570,789754,
193600000,823,790577,
193700000,503,791080,
193800000,704,791784,
193900000,505,792289,
194000000,609,792898,
194100000,794,793692,
194200000,624,794316,
194300000,874,795190,
194400000,502,795692,
194500000,819,796511,
194600000,646,797157,
194700000,876,798033,
194800000,581,798614,
194900000,862,799476,
195000000,504,799980,
195100000,664,800644,
195200000,199,800843,
195300000,320,801163,
195400000,589,801752,
195500000,440,802192,
195600000,764,802956,
195700000,431,803387,
195800000,471,803858,
195900000,733,804591,
196000000,636,805227,
196100000,897,806124,
196200000,740,806864,
196300000,883,807747,
196400000,636,808383,
196500000,952,809335,
196600000,465,809800,
196700000,696,810496,
196800000,422,810918,
196900000,709,811627,
197000000,584,812211,
197100000,1321,813532,
197200000,858,814390,
197300000,461,814851,
197400000,848,815699,
197500000,665,816364,
197600000,738,817102,
197700000,676,817778,
197800000,899,818677,
197900000,691,819368,
198000000,1038,820406,
198100000,365,820771,
198200000,446,821217,
198300000,298,821515,
198400000,463,821978,
198500000,335,822313,
198600000,550,822863,
198700000,402,823265,
198800000,595,823860,
198900000,404,824264,
199000000,534,824798,
199100000,705,825503,
199200000,475,825978,
199300000,603,826581,
199400000,264,826845,
199500000,476,827321,
199600000,312,827633,
199700000,640,828273,
199800000,358,828631,
199900000,632,829263,
200000000,318,829581,
200100000,434,830015,
200200000,273,830288,
200300000,560,830848,
200400000,373,831221,
200500000,543,831764,
200600000,397,832161,
200700000,376,832537,
200800000,333,832870,
200900000,391,833261,
201000000,369,833630,
201100000,381,834011,
201200000,349,834360,
201300000,393,834753,
201400000,535,835288,
201500000,490,835778,
201600000,402,836180,
201700000,451,836631,
201800000,566,837197,
201900000,407,837604,
202000000,449,838053,
202100000,520,838573,
202200000,511,839084,
202300000,276,839360,
202400000,392,839752,
202500000,322,840074,
202600000,394,840468,
202700000,272,840740,
202800000,442,841182,
202900000,242,841424,
203000000,449,841873,
203100000,368,842241,
203200000,505,842746,
203300000,364,843110,
203400000,295,843405,
203500000,272,843677,
203600000,320,843997,
203700000,296,844293,
203800000,433,844726,
203900000,265,844991,
204000000,452,845443,
204100000,276,845719,
204200000,500,846219,
204300000,321,846540,
204400000,603,847143,
204500000,407,847550,
204600000,448,847998,
204700000,410,848408,
204800000,258,848666,
204900000,379,849045,
205000000,385,849430,
205100000,358,849788,
205200000,326,850114,
205300000,267,850381,
205400000,345,850726,
205500000,295,851021,
205600000,420,851441,
205700000,334,851775,
205800000,464,852239,
205900000,375,852614,
206000000,440,853054,
206100000,409,853463,
206200000,257,853720,
206300000,322,854042,
206400000,233,854275,
206500000,270,854545,
206600000,261,854806,
206700000,270,855076,
206800000,352,855428,
206900000,389,855817,
207000000,899,856716,
207100000,346,857062,
207200000,459,857521,
207300000,454,857975,
207400000,490,858465,
207500000,371,858836,
207600000,348,859184,
207700000,306,859490,
207800000,312,859802,
207900000,250,860052,
208000000,312,860364,
208100000,194,860558,
208200000,410,860968,
208300000,173,861141,
208400000,353,861494,
208500000,275,861769,
208600000,519,862288,
208700000,549,862837,
208800000,866,863703,
208900000,329,864032,
209000000,280,864312,
209100000,315,864627,
209200000,375,865002,
209300000,284,865286,
209400000,384,865670,
209500000,267,865937,
209600000,513,866450,
209700000,266,866716,
209800000,644,867360,
209900000,356,867716,
210000000,699,868415,
210100000,528,868943,
210200000,622,869565,
210300000,402,869967,
210400000,534,870501,
210500000,322,870823,
210600000,517,871340,
210700000,310,871650,
210800000,289,871939,
210900000,512,872451,
211000000,593,873044,
211100000,344,873388,
211200000,239,873627,
211300000,378,874005,
211400000,286,874291,
211500000,380,874671,
211600000,481,875152,
211700000,428,875580,
211800000,317,875897,
211900000,312,876209,
212000000,187,876396,
212100000,336,876732,
212200000,269,877001,
212300000,388,877389,
212400000,306,877695,
212500000,393,878088,
212600000,358,878446,
212700000,320,878766,
212800000,362,879128,
212900000,425,879553,
213000000,603,880156,
213100000,505,880661,
213200000,494,881155,
213300000,2464,883619,
213400000,1567,885186,
213500000,367,885553,
213600000,550,886103,
213700000,567,886670,
213800000,597,887267,
213900000,631,887898,
214000000,632,888530,
214100000,726,889256,
214200000,748,890004,
214300000,615,890619,
214400000,742,891361,
214500000,831,892192,
214600000,705,892897,
214700000,839,893736,
214800000,721,894457,
214900000,857,895314,
215000000,522,895836,
215100000,563,896399,
215200000,488,896887,
215300000,465,897352,
215400000,374,897726,
215500000,349,898075,
215600000,452,898527,
215700000,565,899092,
215800000,710,899802,
215900000,652,900454,
216000000,863,901317,
216100000,1092,902409,
216200000,925,903334,
216300000,1044,904378,
216400000,745,905123,
216500000,712,905835,
216600000,613,906448,
216700000,592,907040,
216800000,585,907625,
216900000,737,908362,
217000000,566,908928,
217100000,697,909625,
217200000,898,910523,
217300000,701,911224,
217400000,749,911973,
217500000,850,912823,
217600000,1263,914086,
217700000,1077,915163,
217800000,1025,916188,
217900000,567,916755,
218000000,693,917448,
218100000,622,918070,
218200000,752,918822,
218300000,497,919319,
218400000,730,920049,
218500000,633,920682,
218600000,531,921213,
218700000,525,921738,
218800000,647,922385,
218900000,710,923095,
219000000,716,923811,
219100000,834,924645,
219200000,944,925589,
219300000,1117,926706,
219400000,731,927437,
219500000,652,928089,
219600000,551,928640,
219700000,596,929236,
219800000,564,929800,
219900000,621,930421,
220000000,430,930851,
220100000,584,931435,
220200000,532,931967,
220300000,687,932654,
220400000,621,933275,
220500000,833,934108,
220600000,915,935023,
220700000,893,935916,
220800000,862,936778,
220900000,708,937486,
221000000,579,938065,
221100000,613,938678,
221200000,530,939208,
221300000,594,939802,
221400000,544,940346,
221500000,522,940868,
221600000,564,941432,
221700000,598,942030,
221800000,670,942700,
221900000,692,943392,
222000000,1007,944399,
222100000,990,945389,
222200000,1127,946516,
222300000,1059,947575,
222400000,615,948190,
222500000,593,948783,
222600000,627,949410,
222700000,596,950006,
222800000,558,950564,
222900000,637,951201,
223000000,601,951802,
223100000,795,952597,
223200000,582,953179,
223300000,666,953845,
223400000,765,954610,
223500000,1071,955681,
223600000,1074,956755,
223700000,1099,957854,
223800000,914,958768,
223900000,653,959421,
224000000,531,959952,
224100000,1155,961107,
224200000,1218,962325,
224300000,607,962932,
224400000,658,963590,
224500000,829,964419,
224600000,1878,966297,
224700000,590,966887,
224800000,682,967569,
224900000,538,968107,
225000000,734,968841,
225100000,1518,970359,
225200000,1037,971396,
225300000,1219,972615,
225400000,783,973398,
225500000,629,974027,
225600000,636,974663,
225700000,756,975419,
225800000,575,975994,
225900000,886,976880,
226000000,791,977671,
226100000,961,978632,
226200000,1264,979896,
226300000,825,980721,
226400000,843,981564,
226500000,737,982301,
226600000,1074,983375,
226700000,1569,984944,
226800000,1150,986094,
226900000,1231,987325,
227000000,855,988180,
227100000,646,988826,
227200000,725,989551,
227300000,930,990481,
227400000,554,991035,
227500000,772,991807,
227600000,650,992457,
227700000,782,993239,
227800000,637,993876,
227900000,702,994578,
228000000,788,995366,
228100000,718,996084,
228200000,1549,997633,
228300000,1182,998815,
228400000,1641,1000456,
228500000,846,1001302,
228600000,749,1002051,
228700000,690,1002741,
228800000,839,1003580,
228900000,633,1004213,
229000000,907,1005120,
229100000,735,1005855,
229200000,668,1006523,
229300000,858,1007381,
229400000,617,1007998,
229500000,846,1008844,
229600000,929,1009773,
229700000,1568,1011341,
229800000,1323,1012664,
229900000,1727,1014391,
230000000,885,1015276,
230100000,660,1015936,
230200000,641,1016577,
230300000,688,1017265,
230400000,865,1018130,
230500000,861,1018991,
230600000,759,1019750,
230700000,693,1020443,
230800000,863,1021306,
230900000,873,1022179,
231000000,883,1023062,
231100000,746,1023808,
231200000,1366,1025174,
231300000,1528,1026702,
231400000,1164,1027866,
231500000,1324,1029190,
231600000,517,1029707,
231700000,645,1030352,
231800000,603,1030955,
231900000,803,1031758,
232000000,690,1032448,
232100000,886,1033334,
232200000,839,1034173,
232300000,893,1035066,
232400000,907,1035973,
232500000,1159,1037132,
232600000,1166,1038298,
232700000,1323,1039621,
232800000,1237,1040858,
232900000,2196,1043054,
233000000,2166,1045220,
233100000,1321,1046541,
233200000,1084,1047625,
233300000,1000,1048625,
233400000,1117,1049742,
233500000,561,1050303,
233600000,729,1051032,
233700000,417,1051449,
233800000,467,1051916,
233900000,673,1052589,
234000000,430,1053019,
234100000,777,1053796,
234200000,446,1054242,
234300000,861,1055103,
234400000,831,1055934,
234500000,892,1056826,
234600000,1227,1058053,
234700000,600,1058653,
234800000,367,1059020,
234900000,511,1059531,
235000000,603,1060134,
235100000,639,1060773,
235200000,586,1061359,
235300000,483,1061842,
235400000,3786,1065628,
235500000,2137,1067765,
235600000,2723,1070488,
235700000,3783,1074271,
235800000,1966,1076237,
235900000,3169,1079406,
236000000,2545,1081951,
236100000,3667,1085618,
236200000,3170,1088788,
236300000,1281,1090069,
236400000,1359,1091428,
236500000,1083,1092511,
236600000,318,1092829,
236700000,356,1093185,
236800000,387,1093572,
236900000,474,1094046,
237000000,396,1094442,
237100000,670,1095112,
237200000,304,1095416,
237300000,505,1095921,
237400000,427,1096348,
237500000,406,1096754,
237600000,640,1097394,
237700000,641,1098035,
237800000,925,1098960,
237900000,488,1099448,
238000000,536,1099984,
238100000,527,1100511,
238200000,466,1100977,
238300000,439,1101416,
238400000,424,1101840,
238500000,417,1102257,
238600000,317,1102574,
238700000,1025,1103599,
238800000,1238,1104837,
238900000,4146,1108983,
239000000,3311,1112294,
239100000,3140,1115434,
239200000,2721,1118155,
239300000,3343,1121498,
239400000,1396,1122894,
239500000,2165,1125059,
239600000,411,1125470,
239700000,460,1125930,
239800000,327,1126257,
239900000,518,1126775,
240000000,468,1127243,
240100000,873,1128116,
240200000,1952,1130068,
240300000,3640,1133708,
240400000,2841,1136549,
240500000,3294,1139843,
240600000,2619,1142462,
240700000,1694,1144156,
240800000,2539,1146695,
240900000,975,1147670,
241000000,2512,1150182,
241100000,1975,1152157,
241200000,1943,1154100,
241300000,3426,1157526,
241400000,1941,1159467,
241500000,3192,1162659,
241600000,3023,1165682,
241700000,1837,1167519,
241800000,3674,1171193,
241900000,1811,1173004,
242000000,2109,1175113,
242100000,4472,1179585,
242200000,2918,1182503,
242300000,3578,1186081,
242400000,2790,1188871,
242500000,1845,1190716,
242600000,3341,1194057,
242700000,1677,1195734,
242800000,3032,1198766,
242900000,1115,1199881,
243000000,1730,1201611,
243100000,3445,1205056,
243200000,2192,1207248,
243300000,2597,1209845,
243400000,2524,1212369,
243500000,2198,1214567,
243600000,3807,1218374,
243700000,2108,1220482,
243800000,3367,1223849,
243900000,6962,1230811,
244000000,2753,1233564,
244100000,7591,1241155,
244200000,2893,1244048,
244300000,3234,1247282,
244400000,2916,1250198,
244500000,1743,1251941,
244600000,5310,1257251,
244700000,2102,1259353,
244800000,2802,1262155,
244900000,3966,1266121,
245000000,1334,1267455,
245100000,3296,1270751,
245200000,2323,1273074,
245300000,2309,1275383,
245400000,2800,1278183,
245500000,1845,1280028,
245600000,2809,1282837,
245700000,4274,1287111,
245800000,3126,1290237,
245900000,4289,1294526,
246000000,2418,1296944,
246100000,5448,1302392,
246200000,4996,1307388,
246300000,3765,1311153,
246400000,4933,1316086,
246500000,2363,1318449,
246600000,2066,1320515,
246700000,3478,1323993,
246800000,2344,1326337,
246900000,2700,1329037,
247000000,1161,1330198,
247100000,1089,1331287,
247200000,1446,1332733,
247300000,672,1333405,
247400000,1024,1334429,
247500000,1597,1336026,
247600000,1452,1337478,
247700000,2114,1339592,
247800000,1232,1340824,
247900000,1573,1342397,
248000000,1696,1344093,
248100000,1344,1345437,
248200000,1830,1347267,
248300000,1179,1348446,
248400000,1347,1349793,
248500000,2402,1352195,
248600000,1252,1353447,
248700000,1982,1355429,
248800000,1796,1357225,
248900000,1589,1358814,
249000000,3507,1362321,
249100000,1808,1364129,
249200000,3124,1367253,
249300000,3717,1370970,
249400000,3531,1374501,
249500000,4432,1378933,
249600000,3479,1382412,
249700000,4378,1386790,
249800000,3797,1390587,
249900000,2075,1392662,
250000000,3862,1396524,
250100000,2287,1398811,
250200000,2329,1401140,
250300000,3744,1404884,
250400000,2199,1407083,
250500000,2767,1409850,
250600000,3779,1413629,
250700000,2248,1415877,
250800000,3459,1419336,
250900000,4379,1423715,
251000000,2876,1426591,
251100000,4269,1430860,
251200000,3006,1433866,
251300000,3103,1436969,
251400000,2122,1439091,
251500000,1599,1440690,
251600000,2767,1443457,
251700000,3615,1447072,
251800000,1811,1448883,
251900000,2123,1451006,
252000000,2812,1453818,
252100000,1809,1455627,
252200000,2416,1458043,
252300000,2494,1460537,
252400000,2221,1462758,
252500000,3135,1465893,
252600000,2804,1468697,
252700000,2496,1471193,
252800000,2776,1473969,
252900000,2001,1475970,
253000000,1477,1477447,
253100000,2787,1480234,
253200000,1886,1482120,
253300000,3866,1485986,
253400000,3612,1489598,
253500000,2837,1492435,
253600000,2299,1494734,
253700000,1400,1496134,
253800000,1739,1497873,
253900000,1959,1499832,
254000000,1400,1501232,
254100000,3372,1504604,
254200000,3030,1507634,
254300000,1097,1508731,
254400000,3407,1512138,
254500000,1824,1513962,
254600000,1471,1515433,
254700000,3507,1518940,
254800000,1440,1520380,
254900000,1341,1521721,
255000000,3052,1524773,
255100000,937,1525710,
255200000,2524,1528234,
255300000,3170,1531404,
255400000,683,1532087,
255500000,1253,1533340,
255600000,1524,1534864,
255700000,3269,1538133,
255800000,1158,1539291,
255900000,292,1539583,