ID Partition Base 10,Missing Count,Cumulative,943755
26125000000,40,40,
26126000000,2,42,
26127000000,67,109,
26128000000,183,292,
26129000000,499,791,
26130000000,194,985,
26131000000,191,1176,
26132000000,256,1432,
26133000000,918,2350,
26134000000,85,2435,
26135000000,100,2535,
26136000000,78,2613,
26137000000,103,2716,
26138000000,222,2938,
26139000000,104,3042,
26140000000,94,3136,
26141000000,35,3171,
26142000000,18,3189,
26143000000,18,3207,
26144000000,316,3523,
26145000000,27,3550,
26146000000,71,3621,
26147000000,2,3623,
26148000000,56,3679,
26149000000,14,3693,
26151000000,104,3797,
26152000000,506,4303,
26153000000,102,4405,
26154000000,48,4453,
26155000000,10,4463,
26156000000,24,4487,
26157000000,12,4499,
26158000000,16,4515,
26159000000,52,4567,
26160000000,288,4855,
26161000000,18,4873,
26162000000,372,5245,
26163000000,44,5289,
26164000000,58,5347,
26165000000,55,5402,
26166000000,30,5432,
26167000000,6,5438,
26168000000,36,5474,
26169000000,28,5502,
26170000000,42,5544,
26171000000,304,5848,
26172000000,785,6633,
26173000000,144,6777,
26174000000,2587,9364,
26175000000,34,9398,
26176000000,50,9448,
26177000000,42,9490,
26178000000,55,9545,
26179000000,71,9616,
26180000000,22,9638,
26181000000,26,9664,
26182000000,474,10138,
26183000000,30,10168,
26184000000,20,10188,
26185000000,28,10216,
26186000000,20,10236,
26187000000,16,10252,
26188000000,12,10264,
26189000000,18,10282,
26190000000,111,10393,
26191000000,9420,19813,
26192000000,75,19888,
26193000000,12,19900,
26194000000,26,19926,
26195000000,12,19938,
26196000000,18,19956,
26197000000,46,20002,
26198000000,14,20016,
26199000000,64,20080,
26200000000,34,20114,
26201000000,30,20144,
26202000000,40,20184,
26203000000,62,20246,
26204000000,10,20256,
26205000000,199,20455,
26206000000,79,20534,
26207000000,109,20643,
26208000000,229,20872,
26209000000,52,20924,
26210000000,155,21079,
26211000000,818,21897,
26212000000,38,21935,
26213000000,20,21955,
26214000000,24,21979,
26215000000,263,22242,
26216000000,43,22285,
26217000000,438,22723,
26218000000,138,22861,
26219000000,40,22901,
26220000000,18,22919,
26221000000,101,23020,
26222000000,168,23188,
26223000000,80,23268,
26224000000,40,23308,
26225000000,200,23508,
26226000000,181,23689,
26227000000,442,24131,
26228000000,202,24333,
26229000000,200,24533,
26230000000,5868,30401,
26231000000,110,30511,
26232000000,102,30613,
26233000000,107,30720,
26234000000,111,30831,
26235000000,142,30973,
26236000000,88,31061,
26237000000,187,31248,
26238000000,246,31494,
26239000000,110,31604,
26240000000,72,31676,
26241000000,108,31784,
26242000000,136,31920,
26243000000,155,32075,
26244000000,786,32861,
26245000000,400,33261,
26246000000,166,33427,
26247000000,249,33676,
26248000000,42,33718,
26249000000,504,34222,
26250000000,66,34288,
26251000000,120,34408,
26252000000,30,34438,
26253000000,56,34494,
26254000000,69,34563,
26255000000,152,34715,
26256000000,66,34781,
26257000000,65,34846,
26258000000,77,34923,
26259000000,94,35017,
26260000000,112,35129,
26261000000,275,35404,
26262000000,80,35484,
26263000000,78,35562,
26264000000,142,35704,
26265000000,103,35807,
26266000000,56,35863,
26267000000,16643,52506,
26268000000,621,53127,
26269000000,190,53317,
26270000000,158,53475,
26271000000,105,53580,
26272000000,118,53698,
26273000000,133,53831,
26274000000,110,53941,
26275000000,148,54089,
26276000000,126,54215,
26277000000,66,54281,
26278000000,160,54441,
26279000000,60,54501,
26280000000,84,54585,
26281000000,68,54653,
26282000000,119,54772,
26283000000,48,54820,
26284000000,110,54930,
26285000000,72,55002,
26286000000,74,55076,
26287000000,64,55140,
26288000000,94,55234,
26289000000,148,55382,
26290000000,98,55480,
26291000000,104,55584,
26292000000,72,55656,
26293000000,103,55759,
26294000000,100,55859,
26295000000,76,55935,
26296000000,127,56062,
26297000000,115,56177,
26298000000,48,56225,
26299000000,94,56319,
26300000000,142,56461,
26301000000,68,56529,
26302000000,64,56593,
26303000000,159,56752,
26304000000,107,56859,
26305000000,103,56962,
26306000000,74,57036,
26307000000,22,57058,
26308000000,81,57139,
26309000000,111,57250,
26310000000,161,57411,
26311000000,101,57512,
26312000000,84,57596,
26313000000,78,57674,
26314000000,42,57716,
26315000000,64,57780,
26316000000,58,57838,
26317000000,56,57894,
26318000000,63,57957,
26319000000,60,58017,
26320000000,46,58063,
26321000000,40,58103,
26322000000,42,58145,
26323000000,148,58293,
26324000000,78,58371,
26325000000,1233,59604,
26326000000,216,59820,
26327000000,52,59872,
26328000000,50,59922,
26329000000,136,60058,
26330000000,63,60121,
26331000000,336,60457,
26332000000,83,60540,
26333000000,113,60653,
26334000000,78,60731,
26335000000,36,60767,
26336000000,61,60828,
26337000000,96,60924,
26338000000,61,60985,
26339000000,151,61136,
26340000000,106,61242,
26341000000,151,61393,
26342000000,76,61469,
26343000000,21955,83424,
26344000000,253890,337314,
26345000000,313,337627,
26346000000,210,337837,
26347000000,86,337923,
26348000000,70,337993,
26349000000,64,338057,
26350000000,120,338177,
26351000000,107,338284,
26352000000,157,338441,
26353000000,120,338561,
26354000000,213,338774,
26355000000,120,338894,
26356000000,142,339036,
26357000000,100,339136,
26358000000,278,339414,
26359000000,82,339496,
26360000000,108,339604,
26361000000,90,339694,
26362000000,128,339822,
26363000000,70,339892,
26364000000,90,339982,
26365000000,157,340139,
26366000000,76,340215,
26367000000,129,340344,
26368000000,147,340491,
26369000000,71,340562,
26370000000,132,340694,
26371000000,163,340857,
26372000000,191,341048,
26373000000,64,341112,
26374000000,98,341210,
26375000000,106,341316,
26376000000,74,341390,
26377000000,110,341500,
26378000000,169,341669,
26379000000,50,341719,
26380000000,96,341815,
26381000000,115,341930,
26382000000,66,341996,
26383000000,68,342064,
26384000000,100,342164,
26385000000,78,342242,
26386000000,82,342324,
26387000000,185,342509,
26388000000,70,342579,
26389000000,64,342643,
26390000000,110,342753,
26391000000,124,342877,
26392000000,84,342961,
26393000000,59,343020,
26394000000,169,343189,
26395000000,104,343293,
26396000000,3585,346878,
26397000000,1924,348802,
26398000000,62,348864,
26399000000,95,348959,
26400000000,90,349049,
26401000000,100,349149,
26402000000,185,349334,
26403000000,88,349422,
26404000000,98,349520,
26405000000,88,349608,
26406000000,72,349680,
26407000000,70,349750,
26408000000,152,349902,
26409000000,72,349974,
26410000000,50,350024,
26411000000,68,350092,
26412000000,145,350237,
26413000000,670,350907,
26414000000,283,351190,
26415000000,97,351287,
26416000000,74,351361,
26417000000,98,351459,
26418000000,85,351544,
26419000000,92,351636,
26420000000,97,351733,
26421000000,68,351801,
26422000000,171,351972,
26423000000,266,352238,
26424000000,83,352321,
26425000000,76,352397,
26426000000,88,352485,
26427000000,87,352572,
26428000000,60,352632,
26429000000,88,352720,
26430000000,66,352786,
26431000000,53,352839,
26432000000,155,352994,
26433000000,64,353058,
26434000000,68,353126,
26435000000,90,353216,
26436000000,74,353290,
26437000000,83,353373,
26438000000,48,353421,
26439000000,95,353516,
26440000000,226,353742,
26441000000,281,354023,
26442000000,72,354095,
26443000000,176,354271,
26444000000,120,354391,
26445000000,76,354467,
26446000000,94,354561,
26447000000,58,354619,
26448000000,82,354701,
26449000000,82,354783,
26450000000,98,354881,
26451000000,86,354967,
26452000000,232,355199,
26453000000,117,355316,
26454000000,144,355460,
26455000000,261,355721,
26456000000,136,355857,
26457000000,116,355973,
26458000000,101,356074,
26459000000,80,356154,
26460000000,134,356288,
26461000000,74,356362,
26462000000,93,356455,
26463000000,88,356543,
26464000000,72,356615,
26465000000,71,356686,
26466000000,182,356868,
26467000000,110,356978,
26468000000,79,357057,
26469000000,106,357163,
26470000000,80,357243,
26471000000,70,357313,
26472000000,78,357391,
26473000000,74,357465,
26474000000,73,357538,
26475000000,171,357709,
26476000000,50,357759,
26477000000,60,357819,
26478000000,62,357881,
26479000000,171,358052,
26480000000,74,358126,
26481000000,175,358301,
26482000000,62,358363,
26483000000,108,358471,
26484000000,93,358564,
26485000000,146,358710,
26486000000,224,358934,
26487000000,74,359008,
26488000000,60,359068,
26489000000,106,359174,
26490000000,181,359355,
26491000000,88,359443,
26492000000,112,359555,
26493000000,199,359754,
26494000000,53,359807,
26495000000,187,359994,
26496000000,104,360098,
26497000000,180,360278,
26498000000,371,360649,
26499000000,68,360717,
26500000000,109,360826,
26501000000,175,361001,
26502000000,103,361104,
26503000000,110,361214,
26504000000,70,361284,
26505000000,196,361480,
26506000000,195,361675,
26507000000,114,361789,
26508000000,152,361941,
26509000000,284,362225,
26510000000,90,362315,
26511000000,104,362419,
26512000000,92,362511,
26513000000,90,362601,
26514000000,98,362699,
26515000000,181,362880,
26516000000,64,362944,
26517000000,84,363028,
26518000000,136,363164,
26519000000,148,363312,
26520000000,110,363422,
26521000000,58,363480,
26522000000,102,363582,
26523000000,228,363810,
26524000000,158,363968,
26525000000,124,364092,
26526000000,89,364181,
26527000000,185,364366,
26528000000,67,364433,
26529000000,85,364518,
26530000000,108,364626,
26531000000,99,364725,
26532000000,169,364894,
26533000000,94,364988,
26534000000,105,365093,
26535000000,105,365198,
26536000000,193,365391,
26537000000,74,365465,
26538000000,48,365513,
26539000000,207,365720,
26540000000,96,365816,
26541000000,64,365880,
26542000000,106,365986,
26543000000,94,366080,
26544000000,174,366254,
26545000000,60,366314,
26546000000,58,366372,
26547000000,83,366455,
26548000000,96,366551,
26549000000,84,366635,
26550000000,64,366699,
26551000000,69,366768,
26552000000,179,366947,
26553000000,159,367106,
26554000000,60,367166,
26555000000,64,367230,
26556000000,79,367309,
26557000000,94,367403,
26558000000,90,367493,
26559000000,158,367651,
26560000000,203,367854,
26561000000,167,368021,
26562000000,110,368131,
26563000000,88,368219,
26564000000,70,368289,
26565000000,105,368394,
26566000000,68,368462,
26567000000,88,368550,
26568000000,80,368630,
26569000000,69,368699,
26570000000,90,368789,
26571000000,184,368973,
26572000000,157,369130,
26573000000,64,369194,
26574000000,94,369288,
26575000000,173,369461,
26576000000,62,369523,
26577000000,65,369588,
26578000000,173,369761,
26579000000,66,369827,
26580000000,147,369974,
26581000000,66,370040,
26582000000,46,370086,
26583000000,52,370138,
26584000000,62,370200,
26585000000,75,370275,
26586000000,201,370476,
26587000000,84,370560,
26588000000,120,370680,
26589000000,199,370879,
26590000000,120,370999,
26591000000,128,371127,
26592000000,132,371259,
26593000000,79,371338,
26594000000,187,371525,
26595000000,189,371714,
26596000000,600,372314,
26597000000,76,372390,
26598000000,81,372471,
26599000000,485,372956,
26600000000,169,373125,
26601000000,92,373217,
26602000000,94,373311,
26603000000,98,373409,
26604000000,187,373596,
26605000000,66,373662,
26606000000,271,373933,
26607000000,64,373997,
26608000000,181,374178,
26609000000,60,374238,
26610000000,69,374307,
26611000000,244,374551,
26612000000,70,374621,
26613000000,187,374808,
26614000000,179,374987,
26615000000,169,375156,
26616000000,115,375271,
26617000000,40781,416052,
26618000000,115,416167,
26619000000,94,416261,
26620000000,380,416641,
26621000000,104,416745,
26622000000,52,416797,
26623000000,96,416893,
26624000000,88,416981,
26625000000,62,417043,
26626000000,62,417105,
26627000000,54,417159,
26628000000,80,417239,
26629000000,61,417300,
26630000000,128,417428,
26631000000,118,417546,
26632000000,68,417614,
26633000000,209,417823,
26634000000,98,417921,
26635000000,87,418008,
26636000000,135,418143,
26637000000,131,418274,
26638000000,202,418476,
26639000000,250,418726,
26640000000,140,418866,
26641000000,341,419207,
26642000000,110,419317,
26643000000,171,419488,
26644000000,180,419668,
26645000000,163,419831,
26646000000,120,419951,
26647000000,110,420061,
26648000000,182,420243,
26649000000,106,420349,
26650000000,152,420501,
26651000000,95,420596,
26652000000,139,420735,
26653000000,108,420843,
26654000000,93,420936,
26655000000,132,421068,
26656000000,118,421186,
26657000000,114,421300,
26658000000,134,421434,
26659000000,105,421539,
26660000000,72,421611,
26661000000,66,421677,
26662000000,98,421775,
26663000000,116,421891,
26664000000,57,421948,
26665000000,111,422059,
26666000000,82,422141,
26667000000,76,422217,
26668000000,51,422268,
26669000000,62,422330,
26670000000,82,422412,
26671000000,98,422510,
26672000000,80,422590,
26673000000,72,422662,
26674000000,90,422752,
26675000000,113,422865,
26676000000,178,423043,
26677000000,105,423148,
26678000000,52,423200,
26679000000,165,423365,
26680000000,152,423517,
26681000000,76,423593,
26682000000,84,423677,
26683000000,68,423745,
26684000000,100,423845,
26685000000,90,423935,
26686000000,72,424007,
26687000000,86,424093,
26688000000,58,424151,
26689000000,60,424211,
26690000000,66,424277,
26691000000,129,424406,
26692000000,78,424484,
26693000000,99,424583,
26694000000,285,424868,
26695000000,760,425628,
26696000000,3896,429524,
26697000000,205,429729,
26698000000,94,429823,
26699000000,110,429933,
26700000000,140,430073,
26701000000,94,430167,
26702000000,111,430278,
26703000000,75,430353,
26704000000,92,430445,
26705000000,80,430525,
26706000000,66,430591,
26707000000,104,430695,
26708000000,120,430815,
26709000000,90,430905,
26710000000,115,431020,
26711000000,98,431118,
26712000000,62,431180,
26713000000,70,431250,
26714000000,122,431372,
26715000000,110,431482,
26716000000,110,431592,
26717000000,101,431693,
26718000000,92,431785,
26719000000,96,431881,
26720000000,103,431984,
26721000000,74,432058,
26722000000,74,432132,
26723000000,116,432248,
26724000000,86,432334,
26725000000,107,432441,
26726000000,102,432543,
26727000000,79,432622,
26728000000,88,432710,
26729000000,96,432806,
26730000000,104,432910,
26731000000,108,433018,
26732000000,133,433151,
26733000000,112,433263,
26734000000,112,433375,
26735000000,92,433467,
26736000000,54,433521,
26737000000,80,433601,
26738000000,98,433699,
26739000000,94,433793,
26740000000,126,433919,
26741000000,106,434025,
26742000000,112,434137,
26743000000,104,434241,
26744000000,153,434394,
26745000000,114,434508,
26746000000,127,434635,
26747000000,124,434759,
26748000000,127,434886,
26749000000,125,435011,
26750000000,297,435308,
26751000000,138,435446,
26752000000,126,435572,
26753000000,151,435723,
26754000000,210,435933,
26755000000,273,436206,
26756000000,261,436467,
26757000000,346,436813,
26758000000,354,437167,
26759000000,308,437475,
26760000000,285,437760,
26761000000,275,438035,
26762000000,251,438286,
26763000000,229,438515,
26764000000,268,438783,
26765000000,293,439076,
26766000000,294,439370,
26767000000,258,439628,
26768000000,258,439886,
26769000000,213,440099,
26770000000,271,440370,
26771000000,357,440727,
26772000000,227,440954,
26773000000,258,441212,
26774000000,203,441415,
26775000000,129,441544,
26776000000,164,441708,
26777000000,152,441860,
26778000000,2337,444197,
26779000000,156,444353,
26780000000,203,444556,
26781000000,205,444761,
26782000000,151,444912,
26783000000,119,445031,
26784000000,146,445177,
26785000000,134,445311,
26786000000,172,445483,
26787000000,183,445666,
26788000000,150,445816,
26789000000,136,445952,
26790000000,93,446045,
26791000000,147,446192,
26792000000,142,446334,
26793000000,128,446462,
26794000000,217,446679,
26795000000,211,446890,
26796000000,199,447089,
26797000000,148,447237,
26798000000,162,447399,
26799000000,193,447592,
26800000000,149,447741,
26801000000,118,447859,
26802000000,160,448019,
26803000000,122,448141,
26804000000,128,448269,
26805000000,173,448442,
26806000000,267,448709,
26807000000,172,448881,
26808000000,139,449020,
26809000000,156,449176,
26810000000,163,449339,
26811000000,180,449519,
26812000000,152,449671,
26813000000,162,449833,
26814000000,147,449980,
26815000000,150,450130,
26816000000,176,450306,
26817000000,164,450470,
26818000000,269,450739,
26819000000,169,450908,
26820000000,222,451130,
26821000000,151,451281,
26822000000,128,451409,
26823000000,94,451503,
26824000000,126,451629,
26825000000,144,451773,
26826000000,134,451907,
26827000000,172,452079,
26828000000,148,452227,
26829000000,209,452436,
26830000000,161,452597,
26831000000,128,452725,
26832000000,209,452934,
26833000000,182,453116,
26834000000,149,453265,
26835000000,120,453385,
26836000000,118,453503,
26837000000,97,453600,
26838000000,123,453723,
26839000000,141,453864,
26840000000,123,453987,
26841000000,167,454154,
26842000000,185,454339,
26843000000,182,454521,
26844000000,138,454659,
26845000000,183,454842,
26846000000,207,455049,
26847000000,158,455207,
26848000000,174,455381,
26849000000,235,455616,
26850000000,251,455867,
26851000000,221,456088,
26852000000,189,456277,
26853000000,152,456429,
26854000000,164,456593,
26855000000,159,456752,
26856000000,142,456894,
26857000000,162,457056,
26858000000,153,457209,
26859000000,180,457389,
26860000000,252,457641,
26861000000,128,457769,
26862000000,191,457960,
26863000000,227,458187,
26864000000,176,458363,
26865000000,246,458609,
26866000000,186,458795,
26867000000,156,458951,
26868000000,92,459043,
26869000000,126,459169,
26870000000,186,459355,
26871000000,131,459486,
26872000000,129,459615,
26873000000,157,459772,
26874000000,115,459887,
26875000000,155,460042,
26876000000,144,460186,
26877000000,185,460371,
26878000000,159,460530,
26879000000,148,460678,
26880000000,175,460853,
26881000000,123,460976,
26882000000,178,461154,
26883000000,103,461257,
26884000000,100,461357,
26885000000,182,461539,
26886000000,120,461659,
26887000000,119,461778,
26888000000,142,461920,
26889000000,120,462040,
26890000000,64,462104,
26891000000,64,462168,
26892000000,100,462268,
26893000000,123,462391,
26894000000,124,462515,
26895000000,102,462617,
26896000000,124,462741,
26897000000,124,462865,
26898000000,135,463000,
26899000000,64,463064,
26900000000,122,463186,
26901000000,105,463291,
26902000000,92,463383,
26903000000,149,463532,
26904000000,140,463672,
26905000000,115,463787,
26906000000,124,463911,
26907000000,139,464050,
26908000000,153,464203,
26909000000,84,464287,
26910000000,162,464449,
26911000000,185,464634,
26912000000,153,464787,
26913000000,85,464872,
26914000000,138,465010,
26915000000,112,465122,
26916000000,96,465218,
26917000000,95,465313,
26918000000,122,465435,
26919000000,149,465584,
26920000000,134,465718,
26921000000,122,465840,
26922000000,105,465945,
26923000000,139,466084,
26924000000,110,466194,
26925000000,78,466272,
26926000000,115,466387,
26927000000,181,466568,
26928000000,163,466731,
26929000000,268,466999,
26930000000,229,467228,
26931000000,154,467382,
26932000000,160,467542,
26933000000,188,467730,
26934000000,202,467932,
26935000000,169,468101,
26936000000,182,468283,
26937000000,186,468469,
26938000000,139,468608,
26939000000,138,468746,
26940000000,110,468856,
26941000000,152,469008,
26942000000,166,469174,
26943000000,136,469310,
26944000000,149,469459,
26945000000,214,469673,
26946000000,800,470473,
26947000000,162,470635,
26948000000,129,470764,
26949000000,84,470848,
26950000000,102,470950,
26951000000,103,471053,
26952000000,86,471139,
26953000000,111,471250,
26954000000,161,471411,
26955000000,205,471616,
26956000000,153,471769,
26957000000,141,471910,
26958000000,135,472045,
26959000000,114,472159,
26960000000,127,472286,
26961000000,101,472387,
26962000000,94,472481,
26963000000,128,472609,
26964000000,109,472718,
26965000000,122,472840,
26966000000,106,472946,
26967000000,114,473060,
26968000000,126,473186,
26969000000,104,473290,
26970000000,120,473410,
26971000000,102,473512,
26972000000,112,473624,
26973000000,197,473821,
26974000000,176,473997,
26975000000,172,474169,
26976000000,186,474355,
26977000000,109,474464,
26978000000,180,474644,
26979000000,130,474774,
26980000000,161,474935,
26981000000,123,475058,
26982000000,122,475180,
26983000000,155,475335,
26984000000,151,475486,
26985000000,151,475637,
26986000000,105,475742,
26987000000,124,475866,
26988000000,150,476016,
26989000000,139,476155,
26990000000,194,476349,
26991000000,185,476534,
26992000000,203,476737,
26993000000,155,476892,
26994000000,208,477100,
26995000000,191,477291,
26996000000,263,477554,
26997000000,228,477782,
26998000000,238,478020,
26999000000,208,478228,
27000000000,224,478452,
27001000000,234,478686,
27002000000,269,478955,
27003000000,309,479264,
27004000000,283,479547,
27005000000,210,479757,
27006000000,250,480007,
27007000000,310,480317,
27008000000,272,480589,
27009000000,366,480955,
27010000000,225,481180,
27011000000,426,481606,
27012000000,338,481944,
27013000000,321,482265,
27014000000,369,482634,
27015000000,384,483018,
27016000000,303,483321,
27017000000,452,483773,
27018000000,320,484093,
27019000000,369,484462,
27020000000,276,484738,
27021000000,363,485101,
27022000000,414,485515,
27023000000,347,485862,
27024000000,232,486094,
27025000000,462,486556,
27026000000,585,487141,
27027000000,435,487576,
27028000000,386,487962,
27029000000,534,488496,
27030000000,421,488917,
27031000000,264,489181,
27032000000,379,489560,
27033000000,374,489934,
27034000000,266,490200,
27035000000,504,490704,
27036000000,453,491157,
27037000000,468,491625,
27038000000,408,492033,
27039000000,423,492456,
27040000000,559,493015,
27041000000,705,493720,
27042000000,349,494069,
27043000000,526,494595,
27044000000,333,494928,
27045000000,374,495302,
27046000000,373,495675,
27047000000,428,496103,
27048000000,452,496555,
27049000000,351,496906,
27050000000,348,497254,
27051000000,369,497623,
27052000000,316,497939,
27053000000,282,498221,
27054000000,263,498484,
27055000000,213,498697,
27056000000,176,498873,
27057000000,242,499115,
27058000000,238,499353,
27059000000,267,499620,
27060000000,255,499875,
27061000000,322,500197,
27062000000,245,500442,
27063000000,348,500790,
27064000000,336,501126,
27065000000,273,501399,
27066000000,394,501793,
27067000000,216,502009,
27068000000,323,502332,
27069000000,251,502583,
27070000000,298,502881,
27071000000,267,503148,
27072000000,320,503468,
27073000000,288,503756,
27074000000,331,504087,
27075000000,288,504375,
27076000000,408,504783,
27077000000,219,505002,
27078000000,255,505257,
27079000000,239,505496,
27080000000,222,505718,
27081000000,227,505945,
27082000000,264,506209,
27083000000,197,506406,
27084000000,181,506587,
27085000000,181,506768,
27086000000,254,507022,
27087000000,316,507338,
27088000000,292,507630,
27089000000,294,507924,
27090000000,215,508139,
27091000000,191,508330,
27092000000,240,508570,
27093000000,248,508818,
27094000000,179,508997,
27095000000,191,509188,
27096000000,171,509359,
27097000000,206,509565,
27098000000,170,509735,
27099000000,219,509954,
27100000000,185,510139,
27101000000,180,510319,
27102000000,168,510487,
27103000000,196,510683,
27104000000,114,510797,
27105000000,129,510926,
27106000000,157,511083,
27107000000,252,511335,
27108000000,223,511558,
27109000000,194,511752,
27110000000,217,511969,
27111000000,206,512175,
27112000000,221,512396,
27113000000,188,512584,
27114000000,233,512817,
27115000000,160,512977,
27116000000,249,513226,
27117000000,236,513462,
27118000000,254,513716,
27119000000,230,513946,
27120000000,258,514204,
27121000000,228,514432,
27122000000,233,514665,
27123000000,227,514892,
27124000000,251,515143,
27125000000,187,515330,
27126000000,241,515571,
27127000000,255,515826,
27128000000,218,516044,
27129000000,314,516358,
27130000000,2277,518635,
27131000000,308,518943,
27132000000,413,519356,
27133000000,229,519585,
27134000000,164,519749,
27135000000,153,519902,
27136000000,184,520086,
27137000000,196,520282,
27138000000,235,520517,
27139000000,164,520681,
27140000000,168,520849,
27141000000,283,521132,
27142000000,299,521431,
27143000000,165,521596,
27144000000,141,521737,
27145000000,179,521916,
27146000000,240,522156,
27147000000,1282,523438,
27148000000,244,523682,
27149000000,355,524037,
27150000000,241,524278,
27151000000,247,524525,
27152000000,225,524750,
27153000000,173,524923,
27154000000,165,525088,
27155000000,161,525249,
27156000000,173,525422,
27157000000,259,525681,
27158000000,258,525939,
27159000000,218,526157,
27160000000,229,526386,
27161000000,304,526690,
27162000000,216,526906,
27163000000,196,527102,
27164000000,202,527304,
27165000000,186,527490,
27166000000,228,527718,
27167000000,254,527972,
27168000000,260,528232,
27169000000,320,528552,
27170000000,301,528853,
27171000000,279,529132,
27172000000,227,529359,
27173000000,242,529601,
27174000000,175,529776,
27175000000,181,529957,
27176000000,184,530141,
27177000000,205,530346,
27178000000,177,530523,
27179000000,241,530764,
27180000000,174,530938,
27181000000,176,531114,
27182000000,222,531336,
27183000000,168,531504,
27184000000,162,531666,
27185000000,153,531819,
27186000000,208,532027,
27187000000,205,532232,
27188000000,224,532456,
27189000000,192,532648,
27190000000,205,532853,
27191000000,311,533164,
27192000000,191,533355,
27193000000,155,533510,
27194000000,156,533666,
27195000000,195,533861,
27196000000,282,534143,
27197000000,288,534431,
27198000000,305,534736,
27199000000,298,535034,
27200000000,322,535356,
27201000000,350,535706,
27202000000,246,535952,
27203000000,240,536192,
27204000000,230,536422,
27205000000,271,536693,
27206000000,265,536958,
27207000000,359,537317,
27208000000,452,537769,
27209000000,369,538138,
27210000000,349,538487,
27211000000,276,538763,
27212000000,201,538964,
27213000000,196,539160,
27214000000,155,539315,
27215000000,237,539552,
27216000000,191,539743,
27217000000,169,539912,
27218000000,231,540143,
27219000000,212,540355,
27220000000,219,540574,
27221000000,230,540804,
27222000000,169,540973,
27223000000,168,541141,
27224000000,165,541306,
27225000000,169,541475,
27226000000,213,541688,
27227000000,179,541867,
27228000000,239,542106,
27229000000,229,542335,
27230000000,296,542631,
27231000000,221,542852,
27232000000,193,543045,
27233000000,204,543249,
27234000000,239,543488,
27235000000,215,543703,
27236000000,196,543899,
27237000000,255,544154,
27238000000,247,544401,
27239000000,230,544631,
27240000000,222,544853,
27241000000,249,545102,
27242000000,151,545253,
27243000000,202,545455,
27244000000,237,545692,
27245000000,209,545901,
27246000000,251,546152,
27247000000,190,546342,
27248000000,258,546600,
27249000000,204,546804,
27250000000,248,547052,
27251000000,145,547197,
27252000000,169,547366,
27253000000,239,547605,
27254000000,219,547824,
27255000000,280,548104,
27256000000,243,548347,
27257000000,261,548608,
27258000000,220,548828,
27259000000,288,549116,
27260000000,231,549347,
27261000000,293,549640,
27262000000,254,549894,
27263000000,277,550171,
27264000000,299,550470,
27265000000,293,550763,
27266000000,285,551048,
27267000000,275,551323,
27268000000,279,551602,
27269000000,382,551984,
27270000000,255,552239,
27271000000,255,552494,
27272000000,334,552828,
27273000000,241,553069,
27274000000,255,553324,
27275000000,249,553573,
27276000000,304,553877,
27277000000,218,554095,
27278000000,534,554629,
27279000000,401,555030,
27280000000,360,555390,
27281000000,389,555779,
27282000000,298,556077,
27283000000,280,556357,
27284000000,264,556621,
27285000000,195,556816,
27286000000,233,557049,
27287000000,307,557356,
27288000000,282,557638,
27289000000,271,557909,
27290000000,291,558200,
27291000000,335,558535,
27292000000,358,558893,
27293000000,394,559287,
27294000000,306,559593,
27295000000,196,559789,
27296000000,282,560071,
27297000000,248,560319,
27298000000,287,560606,
27299000000,212,560818,
27300000000,306,561124,
27301000000,271,561395,
27302000000,266,561661,
27303000000,329,561990,
27304000000,312,562302,
27305000000,290,562592,
27306000000,298,562890,
27307000000,221,563111,
27308000000,303,563414,
27309000000,327,563741,
27310000000,341,564082,
27311000000,253,564335,
27312000000,353,564688,
27313000000,356,565044,
27314000000,446,565490,
27315000000,363,565853,
27316000000,449,566302,
27317000000,292,566594,
27318000000,290,566884,
27319000000,262,567146,
27320000000,314,567460,
27321000000,314,567774,
27322000000,297,568071,
27323000000,442,568513,
27324000000,373,568886,
27325000000,367,569253,
27326000000,303,569556,
27327000000,293,569849,
27328000000,195,570044,
27329000000,160,570204,
27330000000,225,570429,
27331000000,242,570671,
27332000000,263,570934,
27333000000,276,571210,
27334000000,269,571479,
27335000000,319,571798,
27336000000,248,572046,
27337000000,260,572306,
27338000000,206,572512,
27339000000,152,572664,
27340000000,6238,578902,
27341000000,2757,581659,
27342000000,1889,583548,
27343000000,1147,584695,
27344000000,634,585329,
27345000000,1227,586556,
27346000000,512,587068,
27347000000,495,587563,
27348000000,384,587947,
27349000000,211,588158,
27350000000,277,588435,
27351000000,214,588649,
27352000000,275,588924,
27353000000,262,589186,
27354000000,200,589386,
27355000000,281,589667,
27356000000,250,589917,
27357000000,220,590137,
27358000000,207,590344,
27359000000,197,590541,
27360000000,250,590791,
27361000000,205,590996,
27362000000,210,591206,
27363000000,227,591433,
27364000000,259,591692,
27365000000,236,591928,
27366000000,225,592153,
27367000000,330,592483,
27368000000,1200,593683,
27369000000,1085,594768,
27370000000,395,595163,
27371000000,308,595471,
27372000000,211,595682,
27373000000,221,595903,
27374000000,234,596137,
27375000000,201,596338,
27376000000,265,596603,
27377000000,352,596955,
27378000000,315,597270,
27379000000,243,597513,
27380000000,242,597755,
27381000000,224,597979,
27382000000,167,598146,
27383000000,247,598393,
27384000000,242,598635,
27385000000,281,598916,
27386000000,356,599272,
27387000000,320,599592,
27388000000,304,599896,
27389000000,283,600179,
27390000000,263,600442,
27391000000,268,600710,
27392000000,267,600977,
27393000000,243,601220,
27394000000,331,601551,
27395000000,265,601816,
27396000000,234,602050,
27397000000,306,602356,
27398000000,301,602657,
27399000000,317,602974,
27400000000,226,603200,
27401000000,251,603451,
27402000000,243,603694,
27403000000,272,603966,
27404000000,280,604246,
27405000000,371,604617,
27406000000,273,604890,
27407000000,291,605181,
27408000000,321,605502,
27409000000,264,605766,
27410000000,294,606060,
27411000000,322,606382,
27412000000,411,606793,
27413000000,259,607052,
27414000000,339,607391,
27415000000,322,607713,
27416000000,343,608056,
27417000000,393,608449,
27418000000,397,608846,
27419000000,292,609138,
27420000000,296,609434,
27421000000,322,609756,
27422000000,313,610069,
27423000000,241,610310,
27424000000,265,610575,
27425000000,303,610878,
27426000000,225,611103,
27427000000,268,611371,
27428000000,268,611639,
27429000000,216,611855,
27430000000,352,612207,
27431000000,263,612470,
27432000000,181,612651,
27433000000,255,612906,
27434000000,282,613188,
27435000000,268,613456,
27436000000,275,613731,
27437000000,277,614008,
27438000000,317,614325,
27439000000,249,614574,
27440000000,281,614855,
27441000000,224,615079,
27442000000,229,615308,
27443000000,292,615600,
27444000000,361,615961,
27445000000,336,616297,
27446000000,311,616608,
27447000000,265,616873,
27448000000,249,617122,
27449000000,327,617449,
27450000000,215,617664,
27451000000,328,617992,
27452000000,343,618335,
27453000000,271,618606,
27454000000,298,618904,
27455000000,268,619172,
27456000000,292,619464,
27457000000,298,619762,
27458000000,207,619969,
27459000000,239,620208,
27460000000,418,620626,
27461000000,231,620857,
27462000000,312,621169,
27463000000,225,621394,
27464000000,345,621739,
27465000000,433,622172,
27466000000,342,622514,
27467000000,294,622808,
27468000000,329,623137,
27469000000,306,623443,
27470000000,229,623672,
27471000000,278,623950,
27472000000,226,624176,
27473000000,275,624451,
27474000000,260,624711,
27475000000,240,624951,
27476000000,191,625142,
27477000000,251,625393,
27478000000,189,625582,
27479000000,227,625809,
27480000000,248,626057,
27481000000,309,626366,
27482000000,287,626653,
27483000000,239,626892,
27484000000,284,627176,
27485000000,310,627486,
27486000000,231,627717,
27487000000,304,628021,
27488000000,246,628267,
27489000000,286,628553,
27490000000,313,628866,
27491000000,210,629076,
27492000000,205,629281,
27493000000,293,629574,
27494000000,237,629811,
27495000000,343,630154,
27496000000,205,630359,
27497000000,288,630647,
27498000000,297,630944,
27499000000,264,631208,
27500000000,696,631904,
27501000000,231,632135,
27502000000,291,632426,
27503000000,243,632669,
27504000000,243,632912,
27505000000,236,633148,
27506000000,260,633408,
27507000000,185,633593,
27508000000,336,633929,
27509000000,243,634172,
27510000000,230,634402,
27511000000,352,634754,
27512000000,263,635017,
27513000000,156,635173,
27514000000,176,635349,
27515000000,166,635515,
27516000000,138,635653,
27517000000,236,635889,
27518000000,261,636150,
27519000000,184,636334,
27520000000,205,636539,
27521000000,163,636702,
27522000000,133,636835,
27523000000,110,636945,
27524000000,188,637133,
27525000000,153,637286,
27526000000,228,637514,
27527000000,222,637736,
27528000000,253,637989,
27529000000,197,638186,
27530000000,192,638378,
27531000000,182,638560,
27532000000,194,638754,
27533000000,195,638949,
27534000000,195,639144,
27535000000,259,639403,
27536000000,181,639584,
27537000000,212,639796,
27538000000,188,639984,
27539000000,192,640176,
27540000000,207,640383,
27541000000,310,640693,
27542000000,187,640880,
27543000000,251,641131,
27544000000,249,641380,
27545000000,218,641598,
27546000000,174,641772,
27547000000,190,641962,
27548000000,187,642149,
27549000000,198,642347,
27550000000,329,642676,
27551000000,218,642894,
27552000000,298,643192,
27553000000,273,643465,
27554000000,318,643783,
27555000000,243,644026,
27556000000,314,644340,
27557000000,400,644740,
27558000000,333,645073,
27559000000,314,645387,
27560000000,273,645660,
27561000000,237,645897,
27562000000,274,646171,
27563000000,193,646364,
27564000000,345,646709,
27565000000,231,646940,
27566000000,288,647228,
27567000000,287,647515,
27568000000,325,647840,
27569000000,314,648154,
27570000000,281,648435,
27571000000,235,648670,
27572000000,239,648909,
27573000000,311,649220,
27574000000,355,649575,
27575000000,296,649871,
27576000000,262,650133,
27577000000,260,650393,
27578000000,212,650605,
27579000000,256,650861,
27580000000,235,651096,
27581000000,206,651302,
27582000000,249,651551,
27583000000,227,651778,
27584000000,278,652056,
27585000000,306,652362,
27586000000,298,652660,
27587000000,319,652979,
27588000000,303,653282,
27589000000,388,653670,
27590000000,212,653882,
27591000000,301,654183,
27592000000,336,654519,
27593000000,407,654926,
27594000000,310,655236,
27595000000,243,655479,
27596000000,256,655735,
27597000000,220,655955,
27598000000,233,656188,
27599000000,272,656460,
27600000000,366,656826,
27601000000,352,657178,
27602000000,323,657501,
27603000000,344,657845,
27604000000,272,658117,
27605000000,305,658422,
27606000000,348,658770,
27607000000,379,659149,
27608000000,255,659404,
27609000000,218,659622,
27610000000,248,659870,
27611000000,267,660137,
27612000000,297,660434,
27613000000,366,660800,
27614000000,329,661129,
27615000000,330,661459,
27616000000,346,661805,
27617000000,343,662148,
27618000000,270,662418,
27619000000,415,662833,
27620000000,310,663143,
27621000000,265,663408,
27622000000,247,663655,
27623000000,305,663960,
27624000000,531,664491,
27625000000,400,664891,
27626000000,475,665366,
27627000000,353,665719,
27628000000,427,666146,
27629000000,382,666528,
27630000000,326,666854,
27631000000,486,667340,
27632000000,364,667704,
27633000000,348,668052,
27634000000,300,668352,
27635000000,328,668680,
27636000000,377,669057,
27637000000,294,669351,
27638000000,305,669656,
27639000000,290,669946,
27640000000,366,670312,
27641000000,393,670705,
27642000000,472,671177,
27643000000,403,671580,
27644000000,304,671884,
27645000000,270,672154,
27646000000,230,672384,
27647000000,246,672630,
27648000000,345,672975,
27649000000,400,673375,
27650000000,305,673680,
27651000000,349,674029,
27652000000,361,674390,
27653000000,286,674676,
27654000000,373,675049,
27655000000,330,675379,
27656000000,513,675892,
27657000000,301,676193,
27658000000,350,676543,
27659000000,310,676853,
27660000000,315,677168,
27661000000,304,677472,
27662000000,296,677768,
27663000000,394,678162,
27664000000,349,678511,
27665000000,355,678866,
27666000000,344,679210,
27667000000,326,679536,
27668000000,375,679911,
27669000000,280,680191,
27670000000,286,680477,
27671000000,262,680739,
27672000000,386,681125,
27673000000,422,681547,
27674000000,297,681844,
27675000000,316,682160,
27676000000,383,682543,
27677000000,313,682856,
27678000000,306,683162,
27679000000,346,683508,
27680000000,270,683778,
27681000000,555,684333,
27682000000,282,684615,
27683000000,245,684860,
27684000000,272,685132,
27685000000,236,685368,
27686000000,373,685741,
27687000000,308,686049,
27688000000,410,686459,
27689000000,471,686930,
27690000000,498,687428,
27691000000,432,687860,
27692000000,340,688200,
27693000000,378,688578,
27694000000,343,688921,
27695000000,253,689174,
27696000000,244,689418,
27697000000,270,689688,
27698000000,296,689984,
27699000000,406,690390,
27700000000,270,690660,
27701000000,390,691050,
27702000000,365,691415,
27703000000,421,691836,
27704000000,262,692098,
27705000000,349,692447,
27706000000,359,692806,
27707000000,332,693138,
27708000000,315,693453,
27709000000,274,693727,
27710000000,329,694056,
27711000000,214,694270,
27712000000,343,694613,
27713000000,344,694957,
27714000000,320,695277,
27715000000,358,695635,
27716000000,342,695977,
27717000000,367,696344,
27718000000,461,696805,
27719000000,394,697199,
27720000000,371,697570,
27721000000,285,697855,
27722000000,257,698112,
27723000000,374,698486,
27724000000,363,698849,
27725000000,469,699318,
27726000000,428,699746,
27727000000,469,700215,
27728000000,390,700605,
27729000000,336,700941,
27730000000,352,701293,
27731000000,343,701636,
27732000000,425,702061,
27733000000,472,702533,
27734000000,386,702919,
27735000000,289,703208,
27736000000,371,703579,
27737000000,308,703887,
27738000000,405,704292,
27739000000,390,704682,
27740000000,492,705174,
27741000000,314,705488,
27742000000,603,706091,
27743000000,641,706732,
27744000000,538,707270,
27745000000,708,707978,
27746000000,612,708590,
27747000000,592,709182,
27748000000,759,709941,
27749000000,494,710435,
27750000000,665,711100,
27751000000,543,711643,
27752000000,622,712265,
27753000000,559,712824,
27754000000,534,713358,
27755000000,640,713998,
27756000000,627,714625,
27757000000,667,715292,
27758000000,582,715874,
27759000000,743,716617,
27760000000,522,717139,
27761000000,728,717867,
27762000000,556,718423,
27763000000,585,719008,
27764000000,691,719699,
27765000000,469,720168,
27766000000,667,720835,
27767000000,461,721296,
27768000000,582,721878,
27769000000,430,722308,
27770000000,427,722735,
27771000000,438,723173,
27772000000,225,723398,
27773000000,264,723662,
27774000000,262,723924,
27775000000,291,724215,
27776000000,393,724608,
27777000000,337,724945,
27778000000,322,725267,
27779000000,388,725655,
27780000000,423,726078,
27781000000,325,726403,
27782000000,422,726825,
27783000000,492,727317,
27784000000,354,727671,
27785000000,328,727999,
27786000000,298,728297,
27787000000,313,728610,
27788000000,226,728836,
27789000000,314,729150,
27790000000,276,729426,
27791000000,362,729788,
27792000000,420,730208,
27793000000,332,730540,
27794000000,377,730917,
27795000000,458,731375,
27796000000,385,731760,
27797000000,237,731997,
27798000000,308,732305,
27799000000,278,732583,
27800000000,593,733176,
27801000000,956,734132,
27802000000,722,734854,
27803000000,856,735710,
27804000000,672,736382,
27805000000,889,737271,
27806000000,1001,738272,
27807000000,874,739146,
27808000000,800,739946,
27809000000,874,740820,
27810000000,712,741532,
27811000000,793,742325,
27812000000,584,742909,
27813000000,635,743544,
27814000000,749,744293,
27815000000,674,744967,
27816000000,615,745582,
27817000000,627,746209,
27818000000,3255,749464,
27819000000,2017,751481,
27820000000,984,752465,
27821000000,943,753408,
27822000000,728,754136,
27823000000,447,754583,
27824000000,309,754892,
27825000000,247,755139,
27826000000,400,755539,
27827000000,488,756027,
27828000000,375,756402,
27829000000,444,756846,
27830000000,437,757283,
27831000000,517,757800,
27832000000,385,758185,
27833000000,381,758566,
27834000000,351,758917,
27835000000,471,759388,
27836000000,344,759732,
27837000000,280,760012,
27838000000,332,760344,
27839000000,492,760836,
27840000000,441,761277,
27841000000,336,761613,
27842000000,380,761993,
27843000000,421,762414,
27844000000,329,762743,
27845000000,417,763160,
27846000000,295,763455,
27847000000,426,763881,
27848000000,315,764196,
27849000000,297,764493,
27850000000,241,764734,
27851000000,305,765039,
27852000000,318,765357,
27853000000,317,765674,
27854000000,332,766006,
27855000000,321,766327,
27856000000,412,766739,
27857000000,302,767041,
27858000000,562,767603,
27859000000,886,768489,
27860000000,570,769059,
27861000000,336,769395,
27862000000,483,769878,
27863000000,403,770281,
27864000000,338,770619,
27865000000,355,770974,
27866000000,311,771285,
27867000000,305,771590,
27868000000,294,771884,
27869000000,323,772207,
27870000000,244,772451,
27871000000,366,772817,
27872000000,408,773225,
27873000000,389,773614,
27874000000,301,773915,
27875000000,336,774251,
27876000000,346,774597,
27877000000,410,775007,
27878000000,321,775328,
27879000000,343,775671,
27880000000,375,776046,
27881000000,372,776418,
27882000000,430,776848,
27883000000,336,777184,
27884000000,310,777494,
27885000000,326,777820,
27886000000,394,778214,
27887000000,291,778505,
27888000000,329,778834,
27889000000,218,779052,
27890000000,284,779336,
27891000000,382,779718,
27892000000,313,780031,
27893000000,283,780314,
27894000000,378,780692,
27895000000,341,781033,
27896000000,340,781373,
27897000000,316,781689,
27898000000,421,782110,
27899000000,425,782535,
27900000000,408,782943,
27901000000,395,783338,
27902000000,391,783729,
27903000000,347,784076,
27904000000,402,784478,
27905000000,429,784907,
27906000000,396,785303,
27907000000,482,785785,
27908000000,367,786152,
27909000000,416,786568,
27910000000,446,787014,
27911000000,438,787452,
27912000000,382,787834,
27913000000,517,788351,
27914000000,391,788742,
27915000000,408,789150,
27916000000,331,789481,
27917000000,445,789926,
27918000000,434,790360,
27919000000,545,790905,
27920000000,427,791332,
27921000000,494,791826,
27922000000,362,792188,
27923000000,381,792569,
27924000000,312,792881,
27925000000,354,793235,
27926000000,329,793564,
27927000000,227,793791,
27928000000,246,794037,
27929000000,293,794330,
27930000000,231,794561,
27931000000,327,794888,
27932000000,332,795220,
27933000000,342,795562,
27934000000,398,795960,
27935000000,384,796344,
27936000000,361,796705,
27937000000,339,797044,
27938000000,386,797430,
27939000000,344,797774,
27940000000,381,798155,
27941000000,369,798524,
27942000000,265,798789,
27943000000,216,799005,
27944000000,343,799348,
27945000000,365,799713,
27946000000,393,800106,
27947000000,359,800465,
27948000000,363,800828,
27949000000,459,801287,
27950000000,350,801637,
27951000000,337,801974,
27952000000,397,802371,
27953000000,380,802751,
27954000000,351,803102,
27955000000,297,803399,
27956000000,234,803633,
27957000000,329,803962,
27958000000,452,804414,
27959000000,449,804863,
27960000000,373,805236,
27961000000,337,805573,
27962000000,385,805958,
27963000000,381,806339,
27964000000,318,806657,
27965000000,395,807052,
27966000000,380,807432,
27967000000,380,807812,
27968000000,240,808052,
27969000000,286,808338,
27970000000,276,808614,
27971000000,347,808961,
27972000000,332,809293,
27973000000,322,809615,
27974000000,435,810050,
27975000000,414,810464,
27976000000,407,810871,
27977000000,346,811217,
27978000000,426,811643,
27979000000,365,812008,
27980000000,394,812402,
27981000000,325,812727,
27982000000,337,813064,
27983000000,209,813273,
27984000000,298,813571,
27985000000,355,813926,
27986000000,299,814225,
27987000000,302,814527,
27988000000,313,814840,
27989000000,434,815274,
27990000000,283,815557,
27991000000,335,815892,
27992000000,329,816221,
27993000000,428,816649,
27994000000,274,816923,
27995000000,222,817145,
27996000000,270,817415,
27997000000,352,817767,
27998000000,355,818122,
27999000000,305,818427,
28000000000,340,818767,
28001000000,379,819146,
28002000000,268,819414,
28003000000,260,819674,
28004000000,381,820055,
28005000000,353,820408,
28006000000,374,820782,
28007000000,199,820981,
28008000000,304,821285,
28009000000,316,821601,
28010000000,216,821817,
28011000000,286,822103,
28012000000,328,822431,
28013000000,311,822742,
28014000000,391,823133,
28015000000,612,823745,
28016000000,273,824018,
28017000000,283,824301,
28018000000,221,824522,
28019000000,417,824939,
28020000000,258,825197,
28021000000,234,825431,
28022000000,232,825663,
28023000000,289,825952,
28024000000,198,826150,
28025000000,275,826425,
28026000000,226,826651,
28027000000,304,826955,
28028000000,294,827249,
28029000000,476,827725,
28030000000,633,828358,
28031000000,695,829053,
28032000000,631,829684,
28033000000,760,830444,
28034000000,639,831083,
28035000000,574,831657,
28036000000,547,832204,
28037000000,573,832777,
28038000000,617,833394,
28039000000,593,833987,
28040000000,669,834656,
28041000000,577,835233,
28042000000,510,835743,
28043000000,509,836252,
28044000000,354,836606,
28045000000,554,837160,
28046000000,520,837680,
28047000000,779,838459,
28048000000,569,839028,
28049000000,564,839592,
28050000000,565,840157,
28051000000,562,840719,
28052000000,543,841262,
28053000000,598,841860,
28054000000,617,842477,
28055000000,610,843087,
28056000000,598,843685,
28057000000,477,844162,
28058000000,597,844759,
28059000000,622,845381,
28060000000,579,845960,
28061000000,518,846478,
28062000000,542,847020,
28063000000,419,847439,
28064000000,446,847885,
28065000000,462,848347,
28066000000,507,848854,
28067000000,401,849255,
28068000000,561,849816,
28069000000,537,850353,
28070000000,543,850896,
28071000000,525,851421,
28072000000,515,851936,
28073000000,587,852523,
28074000000,639,853162,
28075000000,477,853639,
28076000000,571,854210,
28077000000,438,854648,
28078000000,595,855243,
28079000000,623,855866,
28080000000,554,856420,
28081000000,510,856930,
28082000000,423,857353,
28083000000,596,857949,
28084000000,575,858524,
28085000000,482,859006,
28086000000,511,859517,
28087000000,547,860064,
28088000000,604,860668,
28089000000,558,861226,
28090000000,559,861785,
28091000000,479,862264,
28092000000,618,862882,
28093000000,484,863366,
28094000000,539,863905,
28095000000,592,864497,
28096000000,581,865078,
28097000000,480,865558,
28098000000,527,866085,
28099000000,580,866665,
28100000000,520,867185,
28101000000,599,867784,
28102000000,632,868416,
28103000000,573,868989,
28104000000,548,869537,
28105000000,510,870047,
28106000000,455,870502,
28107000000,551,871053,
28108000000,427,871480,
28109000000,603,872083,
28110000000,714,872797,
28111000000,524,873321,
28112000000,591,873912,
28113000000,518,874430,
28114000000,546,874976,
28115000000,570,875546,
28116000000,573,876119,
28117000000,540,876659,
28118000000,508,877167,
28119000000,461,877628,
28120000000,561,878189,
28121000000,463,878652,
28122000000,601,879253,
28123000000,549,879802,
28124000000,597,880399,
28125000000,536,880935,
28126000000,545,881480,
28127000000,507,881987,
28128000000,490,882477,
28129000000,607,883084,
28130000000,581,883665,
28131000000,554,884219,
28132000000,556,884775,
28133000000,423,885198,
28134000000,458,885656,
28135000000,470,886126,
28136000000,479,886605,
28137000000,613,887218,
28138000000,549,887767,
28139000000,621,888388,
28140000000,507,888895,
28141000000,534,889429,
28142000000,486,889915,
28143000000,608,890523,
28144000000,548,891071,
28145000000,497,891568,
28146000000,413,891981,
28147000000,580,892561,
28148000000,477,893038,
28149000000,531,893569,
28150000000,631,894200,
28151000000,453,894653,
28152000000,369,895022,
28153000000,618,895640,
28154000000,461,896101,
28155000000,482,896583,
28156000000,548,897131,
28157000000,613,897744,
28158000000,461,898205,
28159000000,447,898652,
28160000000,483,899135,
28161000000,550,899685,
28162000000,472,900157,
28163000000,436,900593,
28164000000,476,901069,
28165000000,397,901466,
28166000000,355,901821,
28167000000,391,902212,
28168000000,339,902551,
28169000000,351,902902,
28170000000,439,903341,
28171000000,460,903801,
28172000000,336,904137,
28173000000,413,904550,
28174000000,447,904997,
28175000000,442,905439,
28176000000,390,905829,
28177000000,492,906321,
28178000000,484,906805,
28179000000,546,907351,
28180000000,427,907778,
28181000000,480,908258,
28182000000,369,908627,
28183000000,482,909109,
28184000000,361,909470,
28185000000,398,909868,
28186000000,448,910316,
28187000000,354,910670,
28188000000,525,911195,
28189000000,352,911547,
28190000000,193,911740,
28191000000,289,912029,
28192000000,270,912299,
28193000000,204,912503,
28194000000,136,912639,
28195000000,181,912820,
28196000000,151,912971,
28197000000,125,913096,
28198000000,170,913266,
28199000000,202,913468,
28200000000,153,913621,
28201000000,288,913909,
28202000000,173,914082,
28203000000,219,914301,
28204000000,264,914565,
28205000000,223,914788,
28206000000,206,914994,
28207000000,280,915274,
28208000000,281,915555,
28209000000,233,915788,
28210000000,211,915999,
28211000000,169,916168,
28212000000,219,916387,
28213000000,218,916605,
28214000000,217,916822,
28215000000,172,916994,
28216000000,213,917207,
28217000000,261,917468,
28218000000,211,917679,
28219000000,260,917939,
28220000000,278,918217,
28221000000,251,918468,
28222000000,246,918714,
28223000000,234,918948,
28224000000,195,919143,
28225000000,178,919321,
28226000000,176,919497,
28227000000,183,919680,
28228000000,231,919911,
28229000000,197,920108,
28230000000,229,920337,
28231000000,229,920566,
28232000000,190,920756,
28233000000,297,921053,
28234000000,212,921265,
28235000000,284,921549,
28236000000,206,921755,
28237000000,339,922094,
28238000000,171,922265,
28239000000,155,922420,
28240000000,186,922606,
28241000000,173,922779,
28242000000,156,922935,
28243000000,271,923206,
28244000000,222,923428,
28245000000,289,923717,
28246000000,247,923964,
28247000000,246,924210,
28248000000,243,924453,
28249000000,269,924722,
28250000000,260,924982,
28251000000,250,925232,
28252000000,194,925426,
28253000000,237,925663,
28254000000,181,925844,
28255000000,221,926065,
28256000000,227,926292,
28257000000,245,926537,
28258000000,204,926741,
28259000000,304,927045,
28260000000,305,927350,
28261000000,260,927610,
28262000000,399,928009,
28263000000,314,928323,
28264000000,270,928593,
28265000000,292,928885,
28266000000,373,929258,
28267000000,203,929461,
28268000000,283,929744,
28269000000,207,929951,
28270000000,265,930216,
28271000000,297,930513,
28272000000,228,930741,
28273000000,249,930990,
28274000000,343,931333,
28275000000,354,931687,
28276000000,343,932030,
28277000000,303,932333,
28278000000,294,932627,
28279000000,244,932871,
28280000000,363,933234,
28281000000,133,933367,
28282000000,217,933584,
28283000000,274,933858,
28284000000,238,934096,
28285000000,240,934336,
28286000000,317,934653,
28287000000,236,934889,
28288000000,230,935119,
28289000000,242,935361,
28290000000,304,935665,
28291000000,199,935864,
28292000000,220,936084,
28293000000,207,936291,
28294000000,222,936513,
28295000000,209,936722,
28296000000,268,936990,
28297000000,130,937120,
28298000000,244,937364,
28299000000,214,937578,
28300000000,207,937785,
28301000000,219,938004,
28302000000,309,938313,
28303000000,218,938531,
28304000000,250,938781,
28305000000,242,939023,
28306000000,184,939207,
28307000000,186,939393,
28308000000,264,939657,
28309000000,269,939926,
28310000000,180,940106,
28311000000,184,940290,
28312000000,216,940506,
28313000000,209,940715,
28314000000,212,940927,
28315000000,243,941170,
28316000000,190,941360,
28317000000,191,941551,
28318000000,211,941762,
28319000000,173,941935,
28320000000,217,942152,
28321000000,251,942403,
28322000000,221,942624,
28323000000,215,942839,
28324000000,219,943058,
28325000000,166,943224,
28326000000,148,943372,
28327000000,236,943608,
28328000000,133,943741,
28329000000,14,943755,